################################################################################
# Collectl:   V3.6.1-4  HiRes: 1  Options: -i 5 --plot --filename cpu 
# Host:       ip-10-101-34-136  DaemonOpts: 
# Distro:     debian wheezy/sid, Ubuntu 11.10  Platform: 
# Date:       20120604-172754  Secs: 1338830874 TZ: +0000
# SubSys:     cdn Options:  Interval: 5 NumCPUs: 2 [HYPER] NumBud: 0 Flags: i
# Filters:    NfsFilt:  EnvFilt: 
# HZ:         100  Arch: x86_64-linux-gnu-thread-multi PageSize: 4096
# Cpu:        GenuineIntel Speed(MHz): 2266.746 Cores: 1  Siblings: 2 Nodes: 1
# Kernel:     3.0.0-16-virtual  Memory: 7645720 kB  Swap: 0 kB
# NumDisks:   1 DiskNames: xvdb
# NumNets:    2 NetNames: lo: eth0:
################################################################################
#Date Time [CPU]User% [CPU]Nice% [CPU]Sys% [CPU]Wait% [CPU]Irq% [CPU]Soft% [CPU]Steal% [CPU]Idle% [CPU]Totl% [CPU]Intrpt/sec [CPU]Ctx/sec [CPU]Proc/sec [CPU]ProcQue [CPU]ProcRun [CPU]L-Avg1 [CPU]L-Avg5 [CPU]L-Avg15 [CPU]RunTot [CPU]BlkTot [NET]RxPktTot [NET]TxPktTot [NET]RxKBTot [NET]TxKBTot [NET]RxCmpTot [NET]RxMltTot [NET]TxCmpTot [NET]RxErrsTot [NET]TxErrsTot [DSK]ReadTot [DSK]WriteTot [DSK]OpsTot [DSK]ReadKBTot [DSK]WriteKBTot [DSK]KbTot [DSK]ReadMrgTot [DSK]WriteMrgTot [DSK]MrgTot
20120604 17:28:00 0 0 0 0 0 0 0 100 0 15 17 0 187 1 0.00 0.03 0.05 1 0 0 0 0 0 0 0 0 0 0 0 0 0 0 0 0 0 0 0
20120604 17:28:05 2 0 1 0 0 0 1 96 4 149 104 7 188 1 0.00 0.03 0.05 1 0 5 5 1 1 0 0 0 0 0 0 0 0 0 0 0 0 0 0
20120604 17:28:10 1 0 1 0 0 0 0 98 2 94 68 6 188 0 0.00 0.03 0.05 1 0 0 0 0 0 0 0 0 0 0 0 0 0 0 0 0 0 0 0
20120604 17:28:15 0 0 0 0 0 0 0 100 0 14 14 0 188 0 0.00 0.03 0.05 0 0 0 0 0 0 0 0 0 0 0 0 0 0 0 0 0 0 0 0
20120604 17:28:20 0 0 0 0 0 0 0 100 0 16 17 0 188 1 0.00 0.03 0.05 1 0 0 0 0 0 0 0 0 0 0 0 0 0 0 0 0 0 0 0
20120604 17:28:25 0 0 0 0 0 0 0 100 0 14 15 0 188 0 0.00 0.03 0.05 0 0 0 0 0 0 0 0 0 0 0 0 0 0 0 0 0 0 0 0
20120604 17:28:30 0 0 0 0 0 0 0 100 0 17 17 0 188 1 0.00 0.03 0.05 1 0 0 0 0 0 0 0 0 0 0 0 0 0 0 0 0 0 0 0
20120604 17:28:35 0 0 0 0 0 0 0 100 0 14 14 0 188 0 0.00 0.03 0.05 0 0 0 0 0 0 0 0 0 0 0 0 0 0 0 0 0 0 0 0
20120604 17:28:40 19 0 4 0 0 0 7 69 31 473 281 14 199 2 0.00 0.03 0.05 2 0 11 12 1 2 0 0 0 0 0 0 0 0 0 0 0 0 0 0
20120604 17:28:45 12 0 1 0 0 0 5 81 19 231 109 4 197 0 0.08 0.04 0.05 0 0 9 9 1 1 0 0 0 0 0 0 0 0 0 0 0 0 0 0
20120604 17:28:50 4 0 2 1 0 0 1 91 7 458 356 16 209 1 0.08 0.04 0.05 1 0 20 21 2 2 0 0 0 0 0 0 0 0 0 0 0 0 0 0
20120604 17:28:55 0 0 0 0 0 0 0 100 0 38 36 0 209 0 0.07 0.04 0.05 0 0 7 7 1 1 0 0 0 0 0 0 0 0 0 0 0 0 0 0
20120604 17:29:00 0 0 0 0 0 0 0 100 0 17 19 0 209 1 0.06 0.04 0.05 1 0 0 0 0 0 0 0 0 0 0 0 0 0 0 0 0 0 0 0
20120604 17:29:05 0 0 0 0 0 0 0 100 0 18 15 0 209 1 0.06 0.04 0.05 0 0 0 0 0 0 0 0 0 0 0 0 0 0 0 0 0 0 0 0
20120604 17:29:10 0 0 0 0 0 0 0 100 0 22 18 0 209 1 0.05 0.04 0.05 1 0 0 0 0 0 0 0 0 0 0 0 0 0 0 0 0 0 0 0
20120604 17:29:15 0 0 0 0 0 0 0 100 0 25 18 0 209 0 0.05 0.04 0.05 0 0 1 1 0 0 0 0 0 0 0 0 0 0 0 0 0 0 0 0
20120604 17:29:20 1 0 1 0 0 0 0 98 2 388 364 0 209 1 0.05 0.04 0.05 1 0 0 1 0 0 0 0 0 0 0 0 0 0 0 0 0 0 0 0
20120604 17:29:25 0 0 0 0 0 0 0 100 0 16 15 0 209 0 0.04 0.04 0.05 0 0 0 0 0 0 0 0 0 0 0 0 0 0 0 0 0 0 0 0
20120604 17:29:30 7 0 4 0 0 1 2 85 15 2894 3912 0 209 2 0.04 0.04 0.05 1 0 392 300 47 59 0 0 0 0 0 0 0 0 0 0 0 0 0 0
20120604 17:29:35 0 0 0 0 0 0 0 100 0 15 17 0 209 1 0.04 0.04 0.05 1 0 0 0 0 0 0 0 0 0 0 0 0 0 0 0 0 0 0 0
20120604 17:29:40 8 0 4 0 0 1 3 84 16 2928 4255 0 209 2 0.03 0.04 0.05 1 0 398 316 48 60 0 0 0 0 0 0 0 0 0 0 0 0 0 0
20120604 17:29:45 0 0 0 0 0 0 0 100 0 15 16 0 209 1 0.03 0.04 0.05 0 0 0 0 0 0 0 0 0 0 0 0 0 0 0 0 0 0 0 0
################################################################################
# Collectl:   V3.6.1-4  HiRes: 1  Options: -i 5 --plot --filename cpu 
# Host:       ip-10-101-34-136  DaemonOpts: 
# Distro:     debian wheezy/sid, Ubuntu 11.10  Platform: 
# Date:       20120604-172754  Secs: 1338830874 TZ: +0000
# SubSys:     cdn Options:  Interval: 5 NumCPUs: 2 [HYPER] NumBud: 0 Flags: i
# Filters:    NfsFilt:  EnvFilt: 
# HZ:         100  Arch: x86_64-linux-gnu-thread-multi PageSize: 4096
# Cpu:        GenuineIntel Speed(MHz): 2266.746 Cores: 1  Siblings: 2 Nodes: 1
# Kernel:     3.0.0-16-virtual  Memory: 7645720 kB  Swap: 0 kB
# NumDisks:   1 DiskNames: xvdb
# NumNets:    2 NetNames: lo: eth0:
################################################################################
#Date Time [CPU]User% [CPU]Nice% [CPU]Sys% [CPU]Wait% [CPU]Irq% [CPU]Soft% [CPU]Steal% [CPU]Idle% [CPU]Totl% [CPU]Intrpt/sec [CPU]Ctx/sec [CPU]Proc/sec [CPU]ProcQue [CPU]ProcRun [CPU]L-Avg1 [CPU]L-Avg5 [CPU]L-Avg15 [CPU]RunTot [CPU]BlkTot [NET]RxPktTot [NET]TxPktTot [NET]RxKBTot [NET]TxKBTot [NET]RxCmpTot [NET]RxMltTot [NET]TxCmpTot [NET]RxErrsTot [NET]TxErrsTot [DSK]ReadTot [DSK]WriteTot [DSK]OpsTot [DSK]ReadKBTot [DSK]WriteKBTot [DSK]KbTot [DSK]ReadMrgTot [DSK]WriteMrgTot [DSK]MrgTot
20120604 17:29:50 8 0 4 0 0 1 4 84 16 2896 4011 0 209 2 0.03 0.04 0.05 1 0 383 298 47 53 0 0 0 0 0 0 0 0 0 0 0 0 0 0
20120604 17:29:55 0 0 0 0 0 0 0 100 0 19 17 0 209 0 0.03 0.04 0.05 1 0 1 1 0 6 0 0 0 0 0 0 0 0 0 0 0 0 0 0
20120604 17:30:00 8 0 5 0 0 1 4 83 17 2821 3975 0 209 1 0.02 0.04 0.05 1 0 394 311 47 60 0 0 0 0 0 0 0 0 0 0 0 0 0 0
20120604 17:30:05 0 0 0 0 0 0 0 100 0 19 17 0 209 1 0.02 0.04 0.05 0 0 0 0 0 0 0 0 0 0 0 0 0 0 0 0 0 0 0 0
20120604 17:30:10 8 0 4 0 0 0 3 84 16 2966 4046 0 209 1 0.02 0.04 0.05 1 0 405 332 48 61 0 0 0 0 0 0 0 0 0 0 0 0 0 0
20120604 17:30:15 0 0 0 0 0 0 0 100 0 17 16 0 209 0 0.02 0.04 0.05 0 0 0 0 0 0 0 0 0 0 0 0 0 0 0 0 0 0 0 0
20120604 17:30:20 7 0 4 0 0 1 3 84 16 2983 4453 0 209 1 0.02 0.04 0.05 1 0 426 353 49 62 0 0 0 0 0 0 0 0 0 0 0 0 0 0
20120604 17:30:25 0 0 0 0 0 0 0 100 0 14 16 0 209 1 0.02 0.03 0.05 0 0 0 0 0 0 0 0 0 0 0 0 0 0 0 0 0 0 0 0
20120604 17:30:30 8 0 5 0 0 1 4 82 18 2978 4210 0 209 1 0.01 0.03 0.05 1 0 441 360 50 63 0 0 0 0 0 0 0 0 0 0 0 0 0 0
20120604 17:30:35 0 0 0 0 0 0 0 100 0 14 17 0 209 1 0.01 0.03 0.05 0 0 0 0 0 0 0 0 0 0 0 0 0 0 0 0 0 0 0 0
20120604 17:30:40 8 0 4 0 0 1 3 84 16 3174 4259 0 209 1 0.01 0.03 0.05 1 0 444 358 50 63 0 0 0 0 0 0 0 0 0 0 0 0 0 0
20120604 17:30:45 0 0 0 0 0 0 0 100 0 16 16 0 209 1 0.01 0.03 0.05 0 0 0 0 0 0 0 0 0 0 0 0 0 0 0 0 0 0 0 0
20120604 17:30:50 7 0 5 0 0 0 3 84 16 3058 4515 0 209 2 0.01 0.03 0.05 1 0 439 359 50 63 0 0 0 0 0 0 0 0 0 0 0 0 0 0
20120604 17:30:55 0 0 0 0 0 0 0 100 0 16 17 0 209 0 0.01 0.03 0.05 0 0 0 0 0 0 0 0 0 0 0 0 0 0 0 0 0 0 0 0
20120604 17:31:00 7 0 3 0 0 1 2 86 14 2842 2785 0 209 2 0.01 0.03 0.05 1 0 376 288 46 37 0 0 0 0 0 0 0 0 0 0 0 0 0 0
20120604 17:31:05 0 0 0 0 0 0 0 100 0 17 17 0 209 0 0.01 0.03 0.05 0 0 0 0 0 0 0 0 0 0 0 0 0 0 0 0 0 0 0 0
20120604 17:31:10 7 0 4 0 0 1 3 85 15 2789 3108 0 209 2 0.01 0.03 0.05 1 0 383 294 47 37 0 0 0 0 0 0 0 0 0 0 0 0 0 0
20120604 17:31:15 0 0 0 0 0 0 0 100 0 15 17 0 209 0 0.01 0.03 0.05 0 0 0 0 0 0 0 0 0 0 0 0 0 0 0 0 0 0 0 0
20120604 17:31:20 7 0 4 0 0 1 3 85 15 2814 3652 0 209 1 0.01 0.03 0.05 1 0 367 281 46 37 0 0 0 0 0 0 0 0 0 0 0 0 0 0
20120604 17:31:25 0 0 0 0 0 0 0 100 0 29 30 0 210 1 0.01 0.03 0.05 1 0 3 2 0 1 0 0 0 0 0 0 0 0 0 0 0 0 0 0
20120604 17:31:30 7 0 4 0 0 0 3 85 15 2741 3244 0 209 2 0.01 0.03 0.05 1 0 389 298 47 40 0 0 0 0 0 0 0 0 0 0 0 0 0 0
20120604 17:31:35 0 0 0 0 0 0 0 100 0 14 16 0 209 0 0.00 0.03 0.05 0 0 0 0 0 0 0 0 0 0 0 0 0 0 0 0 0 0 0 0
################################################################################
# Collectl:   V3.6.1-4  HiRes: 1  Options: -i 5 --plot --filename cpu 
# Host:       ip-10-101-34-136  DaemonOpts: 
# Distro:     debian wheezy/sid, Ubuntu 11.10  Platform: 
# Date:       20120604-172754  Secs: 1338830874 TZ: +0000
# SubSys:     cdn Options:  Interval: 5 NumCPUs: 2 [HYPER] NumBud: 0 Flags: i
# Filters:    NfsFilt:  EnvFilt: 
# HZ:         100  Arch: x86_64-linux-gnu-thread-multi PageSize: 4096
# Cpu:        GenuineIntel Speed(MHz): 2266.746 Cores: 1  Siblings: 2 Nodes: 1
# Kernel:     3.0.0-16-virtual  Memory: 7645720 kB  Swap: 0 kB
# NumDisks:   1 DiskNames: xvdb
# NumNets:    2 NetNames: lo: eth0:
################################################################################
#Date Time [CPU]User% [CPU]Nice% [CPU]Sys% [CPU]Wait% [CPU]Irq% [CPU]Soft% [CPU]Steal% [CPU]Idle% [CPU]Totl% [CPU]Intrpt/sec [CPU]Ctx/sec [CPU]Proc/sec [CPU]ProcQue [CPU]ProcRun [CPU]L-Avg1 [CPU]L-Avg5 [CPU]L-Avg15 [CPU]RunTot [CPU]BlkTot [NET]RxPktTot [NET]TxPktTot [NET]RxKBTot [NET]TxKBTot [NET]RxCmpTot [NET]RxMltTot [NET]TxCmpTot [NET]RxErrsTot [NET]TxErrsTot [DSK]ReadTot [DSK]WriteTot [DSK]OpsTot [DSK]ReadKBTot [DSK]WriteKBTot [DSK]KbTot [DSK]ReadMrgTot [DSK]WriteMrgTot [DSK]MrgTot
20120604 17:31:40 7 0 3 0 0 1 3 86 14 2507 3172 0 209 1 0.00 0.03 0.05 1 0 390 298 47 38 0 0 0 0 0 0 0 0 0 0 0 0 0 0
20120604 17:31:45 0 0 0 0 0 0 0 100 0 15 16 0 209 1 0.00 0.03 0.05 1 0 0 0 0 0 0 0 0 0 0 0 0 0 0 0 0 0 0 0
20120604 17:31:50 7 0 4 0 0 1 3 86 14 2726 3323 0 209 1 0.00 0.03 0.05 1 0 372 283 46 37 0 0 0 0 0 0 0 0 0 0 0 0 0 0
20120604 17:31:55 0 0 0 0 0 0 0 100 0 30 30 0 210 0 0.00 0.03 0.05 0 0 3 2 0 1 0 0 0 0 0 0 0 0 0 0 0 0 0 0
20120604 17:32:00 7 0 4 0 0 1 3 86 14 2765 3284 0 210 1 0.00 0.03 0.05 1 0 387 291 47 40 0 0 0 0 0 0 0 0 0 0 0 0 0 0
20120604 17:32:05 0 0 0 0 0 0 0 99 1 22 20 0 210 1 0.00 0.02 0.05 0 0 1 1 0 1 0 0 0 0 0 0 0 0 0 0 0 0 0 0
20120604 17:32:10 7 0 4 0 0 0 2 87 13 2734 3416 0 210 2 0.00 0.02 0.05 1 0 360 284 46 39 0 0 0 0 0 0 0 0 0 0 0 0 0 0
20120604 17:32:15 6 0 2 0 0 0 2 90 10 2374 2648 0 210 1 0.00 0.02 0.05 0 0 102 77 9 134 0 0 0 0 0 0 0 0 0 0 0 0 0 0
20120604 17:32:20 8 0 4 0 0 1 2 85 15 2588 3808 0 210 2 0.00 0.02 0.05 1 0 427 354 49 64 0 0 0 0 0 0 0 0 0 0 0 0 0 0
20120604 17:32:25 6 0 4 0 0 1 3 86 14 2266 3247 0 210 1 0.00 0.02 0.05 0 0 348 267 41 53 0 0 0 0 0 0 0 0 0 0 0 0 0 0
20120604 17:32:30 8 0 4 0 0 1 3 84 16 2859 4011 0 210 2 0.00 0.02 0.05 1 0 446 368 50 65 0 0 0 0 0 0 0 0 0 0 0 0 0 0
20120604 17:32:35 8 0 4 0 0 1 4 82 18 2863 4368 0 210 1 0.00 0.02 0.05 0 0 433 367 49 64 0 0 0 0 0 0 0 0 0 0 0 0 0 0
20120604 17:32:40 8 0 4 0 0 1 3 85 15 2877 4219 0 210 1 0.00 0.02 0.05 1 0 418 358 49 63 0 0 0 0 0 0 0 0 0 0 0 0 0 0
20120604 17:32:45 8 0 4 0 0 1 4 83 17 2978 4371 0 210 0 0.00 0.02 0.05 0 0 415 385 48 66 0 0 0 0 0 0 0 0 0 0 0 0 0 0
20120604 17:32:50 7 0 4 0 0 1 3 85 15 2797 4001 0 210 1 0.00 0.02 0.05 1 0 385 331 47 62 0 0 0 0 0 0 0 0 0 0 0 0 0 0
20120604 17:32:55 7 0 5 0 0 1 3 84 16 2843 3781 0 210 1 0.00 0.02 0.05 0 0 431 349 49 65 0 0 0 0 0 0 0 0 0 0 0 0 0 0
20120604 17:33:00 8 0 4 0 0 1 3 85 15 2905 4044 0 210 1 0.00 0.02 0.05 1 0 402 328 48 56 0 0 0 0 0 0 0 0 0 0 0 0 0 0
20120604 17:33:05 9 0 5 0 0 1 3 83 17 3044 4379 0 210 1 0.00 0.02 0.05 0 0 407 319 48 71 0 0 0 0 0 0 0 0 0 0 0 0 0 0
20120604 17:33:10 8 0 4 0 0 1 3 85 15 2836 4065 0 210 2 0.00 0.02 0.05 1 0 420 327 49 63 0 0 0 0 0 0 0 0 0 0 0 0 0 0
20120604 17:33:15 8 0 4 0 0 1 2 85 15 2759 3763 0 210 1 0.00 0.02 0.05 0 0 378 314 47 62 0 0 0 0 0 0 0 0 0 0 0 0 0 0
20120604 17:33:20 7 0 4 0 0 1 3 85 15 2841 4117 0 210 1 0.00 0.02 0.05 1 0 404 319 48 61 0 0 0 0 0 0 0 0 0 0 0 0 0 0
20120604 17:33:25 8 0 5 0 0 1 3 84 16 3022 3942 0 210 1 0.00 0.02 0.05 0 0 439 348 50 64 0 0 0 0 0 0 0 0 0 0 0 0 0 0
################################################################################
# Collectl:   V3.6.1-4  HiRes: 1  Options: -i 5 --plot --filename cpu 
# Host:       ip-10-101-34-136  DaemonOpts: 
# Distro:     debian wheezy/sid, Ubuntu 11.10  Platform: 
# Date:       20120604-172754  Secs: 1338830874 TZ: +0000
# SubSys:     cdn Options:  Interval: 5 NumCPUs: 2 [HYPER] NumBud: 0 Flags: i
# Filters:    NfsFilt:  EnvFilt: 
# HZ:         100  Arch: x86_64-linux-gnu-thread-multi PageSize: 4096
# Cpu:        GenuineIntel Speed(MHz): 2266.746 Cores: 1  Siblings: 2 Nodes: 1
# Kernel:     3.0.0-16-virtual  Memory: 7645720 kB  Swap: 0 kB
# NumDisks:   1 DiskNames: xvdb
# NumNets:    2 NetNames: lo: eth0:
################################################################################
#Date Time [CPU]User% [CPU]Nice% [CPU]Sys% [CPU]Wait% [CPU]Irq% [CPU]Soft% [CPU]Steal% [CPU]Idle% [CPU]Totl% [CPU]Intrpt/sec [CPU]Ctx/sec [CPU]Proc/sec [CPU]ProcQue [CPU]ProcRun [CPU]L-Avg1 [CPU]L-Avg5 [CPU]L-Avg15 [CPU]RunTot [CPU]BlkTot [NET]RxPktTot [NET]TxPktTot [NET]RxKBTot [NET]TxKBTot [NET]RxCmpTot [NET]RxMltTot [NET]TxCmpTot [NET]RxErrsTot [NET]TxErrsTot [DSK]ReadTot [DSK]WriteTot [DSK]OpsTot [DSK]ReadKBTot [DSK]WriteKBTot [DSK]KbTot [DSK]ReadMrgTot [DSK]WriteMrgTot [DSK]MrgTot
20120604 17:33:30 11 0 7 0 0 1 5 76 24 3570 4495 0 210 1 0.00 0.02 0.05 1 0 530 444 61 78 0 0 0 0 0 0 0 0 0 0 0 0 0 0
20120604 17:33:35 8 0 4 0 0 1 4 83 17 2754 3862 0 210 1 0.00 0.02 0.05 0 0 407 337 48 62 0 0 0 0 0 0 0 0 0 0 0 0 0 0
20120604 17:33:40 15 0 9 0 0 1 8 67 33 4679 6931 0 210 1 0.00 0.02 0.05 1 0 695 568 84 113 0 0 0 0 0 0 0 0 0 0 0 0 0 0
20120604 17:33:45 8 0 4 0 0 1 3 84 16 2986 4044 0 210 1 0.00 0.02 0.05 0 0 442 381 50 67 0 0 0 0 0 0 0 0 0 0 0 0 0 0
20120604 17:33:50 19 0 10 0 0 2 7 62 38 5771 8179 0 210 1 0.00 0.01 0.05 1 0 863 717 99 131 0 0 0 0 0 0 0 0 0 0 0 0 0 0
20120604 17:33:55 8 0 4 0 0 0 3 85 15 2644 3731 0 210 1 0.00 0.01 0.05 0 0 375 292 46 60 0 0 0 0 0 0 0 0 0 0 0 0 0 0
20120604 17:34:00 18 0 9 0 0 2 7 65 35 5342 7257 0 210 1 0.00 0.01 0.05 1 0 836 708 97 131 0 0 0 0 0 0 0 0 0 0 0 0 0 0
20120604 17:34:05 8 0 4 0 0 1 2 85 15 2788 3625 0 210 1 0.00 0.01 0.05 0 0 432 358 49 64 0 0 0 0 0 0 0 0 0 0 0 0 0 0
20120604 17:34:10 18 0 9 0 0 2 8 63 37 5934 7838 0 210 1 0.00 0.01 0.05 1 0 841 718 97 129 0 0 0 0 0 0 0 0 0 0 0 0 0 0
20120604 17:34:15 8 0 4 0 0 1 3 84 16 2943 3826 0 210 1 0.00 0.01 0.05 0 0 410 334 48 63 0 0 0 0 0 0 0 0 0 0 0 0 0 0
20120604 17:34:20 19 0 10 0 0 2 8 61 39 5482 7997 0 210 1 0.00 0.01 0.05 1 0 851 735 98 134 0 0 0 0 0 0 0 0 0 0 0 0 0 0
20120604 17:34:25 7 0 5 0 0 1 3 84 16 2926 4015 0 210 3 0.00 0.01 0.05 2 0 450 371 50 66 0 0 0 0 0 0 0 0 0 0 0 0 0 0
20120604 17:34:30 21 0 12 0 0 2 8 56 44 5928 8292 0 210 1 0.00 0.01 0.05 1 0 782 648 94 126 0 0 0 0 0 0 0 0 0 0 0 0 0 0
20120604 17:34:35 8 0 5 0 0 1 3 84 16 2769 3906 0 210 1 0.00 0.01 0.05 0 0 390 315 47 62 0 0 0 0 0 0 0 0 0 0 0 0 0 0
20120604 17:34:40 32 0 16 0 0 4 11 37 63 7775 11142 0 210 2 0.00 0.01 0.05 2 0 1135 897 139 188 0 0 0 0 0 0 0 0 0 0 0 0 0 0
20120604 17:34:45 10 0 5 0 0 1 4 80 20 3663 5347 0 210 0 0.00 0.01 0.05 0 0 402 315 49 61 0 0 0 0 0 0 0 0 0 0 0 0 0 0
20120604 17:34:50 31 0 16 0 0 3 12 38 62 8032 11249 0 210 2 0.00 0.01 0.05 2 0 1112 886 139 174 0 0 0 0 0 0 0 0 0 0 0 0 0 0
20120604 17:34:55 9 0 5 0 0 1 4 81 19 3434 5284 0 210 1 0.00 0.01 0.05 0 0 415 319 48 85 0 0 0 0 0 0 0 0 0 0 0 0 0 0
20120604 17:35:00 33 0 17 0 0 3 12 35 65 8055 11643 0 210 2 0.00 0.01 0.05 3 0 1159 923 141 179 0 0 0 0 0 0 0 0 0 0 0 0 0 0
20120604 17:35:05 11 0 5 0 0 1 4 79 21 3569 4837 0 210 0 0.00 0.01 0.05 0 0 395 310 47 79 0 0 0 0 0 0 0 0 0 0 0 0 0 0
20120604 17:35:10 30 0 16 0 0 3 13 39 61 7557 10346 0 210 3 0.00 0.01 0.05 3 0 1165 923 138 175 0 0 0 0 0 0 0 0 0 0 0 0 0 0
20120604 17:35:15 14 0 7 0 0 1 5 74 26 4160 6523 0 210 0 0.00 0.01 0.05 0 0 487 377 58 72 0 0 0 0 0 0 0 0 0 0 0 0 0 0
################################################################################
# Collectl:   V3.6.1-4  HiRes: 1  Options: -i 5 --plot --filename cpu 
# Host:       ip-10-101-34-136  DaemonOpts: 
# Distro:     debian wheezy/sid, Ubuntu 11.10  Platform: 
# Date:       20120604-172754  Secs: 1338830874 TZ: +0000
# SubSys:     cdn Options:  Interval: 5 NumCPUs: 2 [HYPER] NumBud: 0 Flags: i
# Filters:    NfsFilt:  EnvFilt: 
# HZ:         100  Arch: x86_64-linux-gnu-thread-multi PageSize: 4096
# Cpu:        GenuineIntel Speed(MHz): 2266.746 Cores: 1  Siblings: 2 Nodes: 1
# Kernel:     3.0.0-16-virtual  Memory: 7645720 kB  Swap: 0 kB
# NumDisks:   1 DiskNames: xvdb
# NumNets:    2 NetNames: lo: eth0:
################################################################################
#Date Time [CPU]User% [CPU]Nice% [CPU]Sys% [CPU]Wait% [CPU]Irq% [CPU]Soft% [CPU]Steal% [CPU]Idle% [CPU]Totl% [CPU]Intrpt/sec [CPU]Ctx/sec [CPU]Proc/sec [CPU]ProcQue [CPU]ProcRun [CPU]L-Avg1 [CPU]L-Avg5 [CPU]L-Avg15 [CPU]RunTot [CPU]BlkTot [NET]RxPktTot [NET]TxPktTot [NET]RxKBTot [NET]TxKBTot [NET]RxCmpTot [NET]RxMltTot [NET]TxCmpTot [NET]RxErrsTot [NET]TxErrsTot [DSK]ReadTot [DSK]WriteTot [DSK]OpsTot [DSK]ReadKBTot [DSK]WriteKBTot [DSK]KbTot [DSK]ReadMrgTot [DSK]WriteMrgTot [DSK]MrgTot
20120604 17:35:20 31 0 16 0 0 3 12 37 63 7423 10530 0 210 5 0.00 0.01 0.05 4 0 1165 930 138 186 0 0 0 0 0 0 0 0 0 0 0 0 0 0
20120604 17:35:25 16 0 8 0 0 2 6 68 32 4910 6497 0 210 2 0.00 0.01 0.05 3 0 631 504 76 100 0 0 0 0 0 0 0 0 0 0 0 0 0 0
20120604 17:35:30 35 0 17 0 0 3 15 30 70 8204 12076 0 210 2 0.00 0.01 0.05 2 0 1219 995 141 195 0 0 0 0 0 0 0 0 0 0 0 0 0 0
20120604 17:35:35 20 0 10 0 0 2 9 59 41 5945 8856 0 210 3 0.00 0.01 0.05 1 0 881 762 99 133 0 0 0 0 0 0 0 0 0 0 0 0 0 0
20120604 17:35:40 35 0 18 0 0 3 14 30 70 8429 12024 0 210 3 0.00 0.01 0.05 3 0 1235 1041 143 200 0 0 0 0 0 0 0 0 0 0 0 0 0 0
20120604 17:35:45 23 0 12 0 0 2 9 54 46 6544 9182 0 210 2 0.00 0.01 0.05 3 0 871 684 101 132 0 0 0 0 0 0 0 0 0 0 0 0 0 0
20120604 17:35:50 34 0 16 0 0 3 14 33 67 7839 10185 0 210 1 0.00 0.01 0.05 1 0 1211 1009 137 188 0 0 0 0 0 0 0 0 0 0 0 0 0 0
20120604 17:35:55 25 0 15 0 0 3 11 47 53 6990 10204 0 210 3 0.00 0.01 0.05 3 0 953 790 111 139 0 0 0 0 0 0 0 0 0 0 0 0 0 0
20120604 17:36:00 28 0 13 0 0 3 12 44 56 6414 8677 0 210 1 0.00 0.01 0.05 1 0 1335 1056 162 223 0 0 0 0 0 0 0 0 0 0 0 0 0 0
20120604 17:36:05 8 0 7 0 0 1 0 84 16 3128 4063 0 210 1 0.00 0.01 0.05 2 0 3 3 0 3 0 0 0 0 0 0 0 0 0 0 0 0 0 0
20120604 17:36:10 11 0 15 0 0 1 1 73 27 3808 4834 0 210 3 0.00 0.01 0.05 3 0 2 3 0 3 0 0 0 0 0 0 0 0 0 0 0 0 0 0
20120604 17:36:15 9 0 10 0 0 0 1 80 20 3435 4388 0 210 2 0.00 0.01 0.05 2 0 2 2 0 1 0 0 0 0 0 0 0 0 0 0 0 0 0 0
20120604 17:36:20 12 0 16 0 0 0 1 71 29 4068 4914 0 210 2 0.00 0.01 0.05 2 0 2 2 0 2 0 0 0 0 0 0 0 0 0 0 0 0 0 0
20120604 17:36:25 10 0 12 0 0 1 0 78 22 3966 4793 0 210 1 0.00 0.01 0.05 1 0 3 3 0 3 0 0 0 0 0 0 0 0 0 0 0 0 0 0
20120604 17:36:30 13 0 15 0 0 0 1 69 31 3954 4802 0 210 3 0.00 0.01 0.05 3 0 2 2 0 1 0 0 0 0 0 0 0 0 0 0 0 0 0 0
20120604 17:36:35 10 0 12 0 0 0 1 76 24 3645 4531 0 210 2 0.00 0.01 0.05 1 0 1 2 0 2 0 0 0 0 0 0 0 0 0 0 0 0 0 0
20120604 17:36:40 12 0 16 0 0 0 2 70 30 4063 4687 0 210 3 0.00 0.01 0.05 3 0 1 1 0 1 0 0 0 0 0 0 0 0 0 0 0 0 0 0
20120604 17:36:45 10 0 13 0 0 1 1 76 24 3944 4797 0 210 2 0.00 0.01 0.05 1 0 3 4 0 2 0 0 0 0 0 0 0 0 0 0 0 0 0 0
20120604 17:36:50 13 0 18 0 0 0 1 67 33 4372 5463 0 210 1 0.00 0.01 0.05 1 0 3 3 0 3 0 0 0 0 0 0 0 0 0 0 0 0 0 0
20120604 17:36:55 10 0 13 0 0 0 1 75 25 3780 4689 0 210 2 0.00 0.01 0.05 1 0 1 2 0 2 0 0 0 0 0 0 0 0 0 0 0 0 0 0
20120604 17:37:00 13 0 16 0 0 0 2 68 32 4248 5236 0 210 3 0.00 0.01 0.05 3 0 2 2 0 1 0 0 0 0 0 0 0 0 0 0 0 0 0 0
20120604 17:37:05 11 0 13 0 0 0 2 74 26 3600 4492 0 210 1 0.00 0.01 0.05 1 0 3 3 0 3 0 0 0 0 0 0 0 0 0 0 0 0 0 0
################################################################################
# Collectl:   V3.6.1-4  HiRes: 1  Options: -i 5 --plot --filename cpu 
# Host:       ip-10-101-34-136  DaemonOpts: 
# Distro:     debian wheezy/sid, Ubuntu 11.10  Platform: 
# Date:       20120604-172754  Secs: 1338830874 TZ: +0000
# SubSys:     cdn Options:  Interval: 5 NumCPUs: 2 [HYPER] NumBud: 0 Flags: i
# Filters:    NfsFilt:  EnvFilt: 
# HZ:         100  Arch: x86_64-linux-gnu-thread-multi PageSize: 4096
# Cpu:        GenuineIntel Speed(MHz): 2266.746 Cores: 1  Siblings: 2 Nodes: 1
# Kernel:     3.0.0-16-virtual  Memory: 7645720 kB  Swap: 0 kB
# NumDisks:   1 DiskNames: xvdb
# NumNets:    2 NetNames: lo: eth0:
################################################################################
#Date Time [CPU]User% [CPU]Nice% [CPU]Sys% [CPU]Wait% [CPU]Irq% [CPU]Soft% [CPU]Steal% [CPU]Idle% [CPU]Totl% [CPU]Intrpt/sec [CPU]Ctx/sec [CPU]Proc/sec [CPU]ProcQue [CPU]ProcRun [CPU]L-Avg1 [CPU]L-Avg5 [CPU]L-Avg15 [CPU]RunTot [CPU]BlkTot [NET]RxPktTot [NET]TxPktTot [NET]RxKBTot [NET]TxKBTot [NET]RxCmpTot [NET]RxMltTot [NET]TxCmpTot [NET]RxErrsTot [NET]TxErrsTot [DSK]ReadTot [DSK]WriteTot [DSK]OpsTot [DSK]ReadKBTot [DSK]WriteKBTot [DSK]KbTot [DSK]ReadMrgTot [DSK]WriteMrgTot [DSK]MrgTot
20120604 17:37:10 12 0 18 0 0 0 1 69 31 4140 5178 0 210 3 0.00 0.01 0.05 3 0 1 1 0 1 0 0 0 0 0 0 0 0 0 0 0 0 0 0
20120604 17:37:15 11 0 13 0 0 0 1 74 26 3831 4665 0 210 2 0.00 0.01 0.05 2 0 1 1 0 0 0 0 0 0 0 0 0 0 0 0 0 0 0 0
20120604 17:37:20 13 0 16 0 0 1 1 69 31 4396 5312 0 210 2 0.00 0.01 0.05 2 0 3 3 0 3 0 0 0 0 0 0 0 0 0 0 0 0 0 0
20120604 17:37:25 11 0 13 0 0 0 1 74 26 3963 4811 0 210 1 0.00 0.01 0.05 1 0 1 2 0 2 0 0 0 0 0 0 0 0 0 0 0 0 0 0
20120604 17:37:30 14 0 18 0 0 0 1 66 34 4398 5232 0 210 3 0.00 0.01 0.05 3 0 1 2 0 1 0 0 0 0 0 0 0 0 0 0 0 0 0 0
20120604 17:37:35 10 0 13 0 0 0 1 75 25 4211 4968 0 210 2 0.00 0.01 0.05 1 0 1 2 0 3 0 0 0 0 0 0 0 0 0 0 0 0 0 0
20120604 17:37:40 14 0 15 0 0 0 2 69 31 4478 5212 0 198 3 0.00 0.01 0.05 3 0 2 5 0 3 0 0 0 0 0 0 0 0 0 0 0 0 0 0
20120604 17:37:45 5 0 8 0 0 0 0 87 13 3595 3858 0 198 1 0.00 0.01 0.05 1 0 1 2 0 1 0 0 0 0 0 0 0 0 0 0 0 0 0 0
20120604 17:37:50 6 0 10 0 0 0 1 83 17 5068 5392 0 198 1 0.00 0.01 0.05 1 0 1 3 0 3 0 0 0 0 0 0 0 0 0 0 0 0 0 0
20120604 17:37:55 4 0 6 0 0 0 1 89 11 2781 3028 0 198 1 0.00 0.01 0.05 0 0 1 2 0 2 0 0 0 0 0 0 0 0 0 0 0 0 0 0
20120604 17:38:00 6 0 8 0 0 0 0 86 14 4017 4332 0 198 1 0.00 0.01 0.05 1 0 2 2 0 1 0 0 0 0 0 0 0 0 0 0 0 0 0 0
20120604 17:38:05 5 0 5 0 0 0 0 90 10 2327 2537 0 198 1 0.00 0.01 0.05 0 0 2 3 0 3 0 0 0 0 0 0 0 0 0 0 0 0 0 0
20120604 17:38:10 5 0 5 0 0 0 1 89 11 3190 3458 0 198 1 0.00 0.01 0.05 1 0 0 2 0 2 0 0 0 0 0 0 0 0 0 0 0 0 0 0
20120604 17:38:15 3 0 3 0 0 0 0 94 6 638 698 10 196 1 0.00 0.01 0.05 1 0 13 10 1 2 0 0 0 0 0 0 0 0 0 0 0 0 0 0
20120604 17:38:20 0 0 0 0 0 0 0 99 1 75 71 2 188 0 0.00 0.01 0.05 0 0 4 3 0 0 0 0 0 0 0 0 0 0 0 0 0 0 0 0
20120604 17:38:25 0 0 0 0 0 0 0 100 0 13 14 0 188 0 0.00 0.01 0.05 0 0 0 0 0 0 0 0 0 0 0 0 0 0 0 0 0 0 0 0
20120604 17:38:30 0 0 0 0 0 0 0 100 0 14 14 0 188 1 0.00 0.01 0.05 1 0 0 0 0 0 0 0 0 0 0 0 0 0 0 0 0 0 0 0
20120604 17:38:35 0 0 0 0 0 0 0 100 0 13 13 0 188 0 0.00 0.01 0.05 0 0 0 0 0 0 0 0 0 0 0 0 0 0 0 0 0 0 0 0
20120604 17:38:40 0 0 0 0 0 0 0 100 0 15 14 0 188 1 0.00 0.01 0.05 2 0 0 0 0 0 0 0 0 0 0 0 0 0 0 0 0 0 0 0
20120604 17:38:45 0 0 0 0 0 0 0 99 1 73 64 4 188 0 0.00 0.01 0.05 0 0 7 4 1 0 0 0 0 0 0 0 0 0 0 0 0 0 0 0
20120604 17:38:50 0 0 0 3 0 0 0 97 1 113 129 2 189 1 0.00 0.01 0.05 1 0 10 8 1 2 0 0 0 0 0 0 0 0 0 0 0 0 0 0
20120604 17:38:55 0 0 0 0 0 0 0 100 0 45 45 0 188 0 0.00 0.01 0.05 0 0 4 3 0 0 0 0 0 0 0 0 0 0 0 0 0 0 0 0
################################################################################
# Collectl:   V3.6.1-4  HiRes: 1  Options: -i 5 --plot --filename cpu 
# Host:       ip-10-101-34-136  DaemonOpts: 
# Distro:     debian wheezy/sid, Ubuntu 11.10  Platform: 
# Date:       20120604-172754  Secs: 1338830874 TZ: +0000
# SubSys:     cdn Options:  Interval: 5 NumCPUs: 2 [HYPER] NumBud: 0 Flags: i
# Filters:    NfsFilt:  EnvFilt: 
# HZ:         100  Arch: x86_64-linux-gnu-thread-multi PageSize: 4096
# Cpu:        GenuineIntel Speed(MHz): 2266.746 Cores: 1  Siblings: 2 Nodes: 1
# Kernel:     3.0.0-16-virtual  Memory: 7645720 kB  Swap: 0 kB
# NumDisks:   1 DiskNames: xvdb
# NumNets:    2 NetNames: lo: eth0:
################################################################################
#Date Time [CPU]User% [CPU]Nice% [CPU]Sys% [CPU]Wait% [CPU]Irq% [CPU]Soft% [CPU]Steal% [CPU]Idle% [CPU]Totl% [CPU]Intrpt/sec [CPU]Ctx/sec [CPU]Proc/sec [CPU]ProcQue [CPU]ProcRun [CPU]L-Avg1 [CPU]L-Avg5 [CPU]L-Avg15 [CPU]RunTot [CPU]BlkTot [NET]RxPktTot [NET]TxPktTot [NET]RxKBTot [NET]TxKBTot [NET]RxCmpTot [NET]RxMltTot [NET]TxCmpTot [NET]RxErrsTot [NET]TxErrsTot [DSK]ReadTot [DSK]WriteTot [DSK]OpsTot [DSK]ReadKBTot [DSK]WriteKBTot [DSK]KbTot [DSK]ReadMrgTot [DSK]WriteMrgTot [DSK]MrgTot
20120604 17:39:00 0 0 0 0 0 0 0 100 0 14 16 0 188 2 0.00 0.01 0.05 1 0 0 0 0 0 0 0 0 0 0 0 0 0 0 0 0 0 0 0
20120604 17:39:05 0 0 0 0 0 0 0 100 0 16 14 0 188 0 0.00 0.01 0.05 0 0 0 0 0 0 0 0 0 0 0 0 0 0 0 0 0 0 0 0
20120604 17:39:10 0 0 0 0 0 0 0 100 0 15 14 0 188 2 0.00 0.01 0.05 1 0 0 0 0 0 0 0 0 0 0 0 0 0 0 0 0 0 0 0
20120604 17:39:15 0 0 0 0 0 0 0 100 0 13 14 0 188 0 0.00 0.01 0.05 0 0 0 0 0 0 0 0 0 0 0 0 0 0 0 0 0 0 0 0
20120604 17:39:20 0 0 0 0 0 0 0 100 0 16 15 0 188 1 0.00 0.01 0.05 1 0 0 0 0 0 0 0 0 0 0 0 0 0 0 0 0 0 0 0
20120604 17:39:25 0 0 0 0 0 0 0 100 0 13 15 0 188 0 0.00 0.01 0.05 0 0 0 0 0 0 0 0 0 0 0 0 0 0 0 0 0 0 0 0
20120604 17:39:30 0 0 0 0 0 0 0 100 0 15 15 0 188 1 0.00 0.01 0.05 1 0 0 0 0 0 0 0 0 0 0 0 0 0 0 0 0 0 0 0
20120604 17:39:35 0 0 0 0 0 0 0 100 0 13 14 0 188 0 0.00 0.01 0.05 0 0 0 0 0 0 0 0 0 0 0 0 0 0 0 0 0 0 0 0
20120604 17:39:40 0 0 0 0 0 0 0 100 0 53 55 0 188 1 0.00 0.01 0.05 2 0 0 0 0 0 0 0 0 0 0 0 0 0 0 0 0 0 0 0
20120604 17:39:45 1 0 1 0 0 0 1 98 2 127 97 6 192 1 0.00 0.01 0.05 1 0 4 4 1 1 0 0 0 0 0 0 0 0 0 0 0 0 0 0
20120604 17:39:50 36 0 4 0 0 0 14 45 55 501 230 8 199 1 0.16 0.05 0.06 1 0 8 14 0 2 0 0 0 0 0 0 0 0 0 0 0 0 0 0
20120604 17:39:55 1 0 0 0 0 0 0 98 2 103 79 4 197 0 0.15 0.05 0.06 0 0 4 4 1 1 0 0 0 0 0 0 0 0 0 0 0 0 0 0
20120604 17:40:00 5 0 2 0 0 0 2 91 9 476 372 16 209 1 0.14 0.05 0.06 1 0 20 22 2 3 0 0 0 0 0 0 0 0 0 0 0 0 0 0
20120604 17:40:05 0 0 0 0 0 0 0 99 1 39 33 0 209 0 0.13 0.04 0.05 0 0 1 0 0 0 0 0 0 0 0 0 0 0 0 0 0 0 0 0
20120604 17:40:10 0 0 0 0 0 0 0 100 0 23 24 0 209 1 0.12 0.04 0.05 1 0 0 0 0 0 0 0 0 0 0 0 0 0 0 0 0 0 0 0
20120604 17:40:15 0 0 0 0 0 0 0 100 0 20 21 0 209 0 0.11 0.04 0.05 0 0 0 0 0 0 0 0 0 0 0 0 0 0 0 0 0 0 0 0
20120604 17:40:20 0 0 0 0 0 0 0 100 0 23 23 0 209 1 0.10 0.04 0.05 1 0 0 0 0 0 0 0 0 0 0 0 0 0 0 0 0 0 0 0
20120604 17:40:25 0 0 0 0 0 0 0 100 0 26 22 0 209 0 0.09 0.04 0.05 0 0 1 1 0 0 0 0 0 0 0 0 0 0 0 0 0 0 0 0
20120604 17:40:30 0 0 0 0 0 0 0 100 0 25 27 0 209 1 0.08 0.04 0.05 1 0 0 0 0 0 0 0 0 0 0 0 0 0 0 0 0 0 0 0
20120604 17:40:35 0 0 0 0 0 0 0 100 0 19 19 0 209 0 0.08 0.04 0.05 0 0 0 0 0 0 0 0 0 0 0 0 0 0 0 0 0 0 0 0
20120604 17:40:40 0 0 0 0 0 0 0 100 0 28 26 0 209 2 0.07 0.04 0.05 2 0 1 1 0 0 0 0 0 0 0 0 0 0 0 0 0 0 0 0
20120604 17:40:45 0 0 0 0 0 0 0 100 0 20 21 0 209 0 0.06 0.04 0.05 0 0 0 0 0 0 0 0 0 0 0 0 0 0 0 0 0 0 0 0
################################################################################
# Collectl:   V3.6.1-4  HiRes: 1  Options: -i 5 --plot --filename cpu 
# Host:       ip-10-101-34-136  DaemonOpts: 
# Distro:     debian wheezy/sid, Ubuntu 11.10  Platform: 
# Date:       20120604-172754  Secs: 1338830874 TZ: +0000
# SubSys:     cdn Options:  Interval: 5 NumCPUs: 2 [HYPER] NumBud: 0 Flags: i
# Filters:    NfsFilt:  EnvFilt: 
# HZ:         100  Arch: x86_64-linux-gnu-thread-multi PageSize: 4096
# Cpu:        GenuineIntel Speed(MHz): 2266.746 Cores: 1  Siblings: 2 Nodes: 1
# Kernel:     3.0.0-16-virtual  Memory: 7645720 kB  Swap: 0 kB
# NumDisks:   1 DiskNames: xvdb
# NumNets:    2 NetNames: lo: eth0:
################################################################################
#Date Time [CPU]User% [CPU]Nice% [CPU]Sys% [CPU]Wait% [CPU]Irq% [CPU]Soft% [CPU]Steal% [CPU]Idle% [CPU]Totl% [CPU]Intrpt/sec [CPU]Ctx/sec [CPU]Proc/sec [CPU]ProcQue [CPU]ProcRun [CPU]L-Avg1 [CPU]L-Avg5 [CPU]L-Avg15 [CPU]RunTot [CPU]BlkTot [NET]RxPktTot [NET]TxPktTot [NET]RxKBTot [NET]TxKBTot [NET]RxCmpTot [NET]RxMltTot [NET]TxCmpTot [NET]RxErrsTot [NET]TxErrsTot [DSK]ReadTot [DSK]WriteTot [DSK]OpsTot [DSK]ReadKBTot [DSK]WriteKBTot [DSK]KbTot [DSK]ReadMrgTot [DSK]WriteMrgTot [DSK]MrgTot
20120604 17:40:50 0 0 0 0 0 0 0 100 0 43 44 0 209 2 0.06 0.04 0.05 1 0 4 2 0 0 0 0 0 0 0 0 0 0 0 0 0 0 0 0
20120604 17:40:55 0 0 0 0 0 0 0 100 0 44 41 0 209 1 0.05 0.04 0.05 0 0 4 4 0 1 0 0 0 0 0 0 0 0 0 0 0 0 0 0
20120604 17:41:00 0 0 0 0 0 0 0 100 0 25 26 0 209 1 0.05 0.04 0.05 1 0 0 0 0 0 0 0 0 0 0 0 0 0 0 0 0 0 0 0
20120604 17:41:05 0 0 0 0 0 0 0 100 0 21 19 0 209 1 0.05 0.04 0.05 0 0 0 0 0 0 0 0 0 0 0 0 0 0 0 0 0 0 0 0
20120604 17:41:10 0 0 0 0 0 0 0 100 0 53 86 0 207 2 0.04 0.04 0.05 2 0 3 3 0 0 0 0 0 0 0 0 0 0 0 0 0 0 0 0
20120604 17:41:15 0 0 0 0 0 0 0 100 0 52 45 0 197 1 0.04 0.04 0.05 0 0 1 1 0 0 0 0 0 0 0 0 0 0 0 0 0 0 0 0
20120604 17:41:20 1 0 1 0 0 0 0 98 2 151 119 6 188 2 0.04 0.04 0.05 1 0 5 5 1 1 0 0 0 0 0 0 0 0 0 0 0 0 0 0
20120604 17:41:25 0 0 0 0 0 0 0 100 0 62 63 0 188 1 0.03 0.04 0.05 0 0 8 5 1 1 0 0 0 0 0 0 0 0 0 0 0 0 0 0
20120604 17:41:30 0 0 0 0 0 0 0 100 0 23 23 0 188 0 0.03 0.04 0.05 0 0 0 0 0 0 0 0 0 0 0 0 0 0 0 0 0 0 0 0
20120604 17:41:35 0 0 0 0 0 0 0 100 0 65 92 0 188 0 0.03 0.04 0.05 0 0 8 7 1 1 0 0 0 0 0 0 0 0 0 0 0 0 0 0
20120604 17:41:40 0 0 0 0 0 0 0 100 0 22 22 0 188 0 0.03 0.04 0.05 1 0 0 0 0 0 0 0 0 0 0 0 0 0 0 0 0 0 0 0
20120604 17:41:45 0 0 0 0 0 0 0 100 0 21 19 0 188 0 0.02 0.03 0.05 0 0 0 0 0 0 0 0 0 0 0 0 0 0 0 0 0 0 0 0
20120604 17:41:50 0 0 0 0 0 0 0 100 0 22 24 0 188 2 0.02 0.03 0.05 1 0 0 0 0 0 0 0 0 0 0 0 0 0 0 0 0 0 0 0
20120604 17:41:55 0 0 0 0 0 0 0 100 0 21 21 0 188 0 0.02 0.03 0.05 0 0 0 0 0 0 0 0 0 0 0 0 0 0 0 0 0 0 0 0
20120604 17:42:00 14 0 3 0 0 0 4 79 21 397 250 14 199 3 0.02 0.03 0.05 3 0 8 11 1 2 0 0 0 0 0 0 0 0 0 0 0 0 0 0
20120604 17:42:05 20 0 3 0 0 0 8 70 30 268 104 4 195 0 0.10 0.05 0.05 0 0 9 9 0 1 0 0 0 0 0 0 0 0 0 0 0 0 0 0
20120604 17:42:10 1 0 1 0 0 0 0 98 2 164 124 7 196 1 0.09 0.05 0.05 1 0 6 6 1 1 0 0 0 0 0 0 0 0 0 0 0 0 0 0
20120604 17:42:15 3 0 2 0 0 0 1 93 6 303 282 10 209 0 0.16 0.06 0.06 0 0 17 20 2 3 0 0 0 0 0 0 0 0 0 0 0 0 0 0
20120604 17:42:20 0 0 0 0 0 0 0 100 0 21 22 0 209 2 0.15 0.06 0.05 1 0 0 0 0 0 0 0 0 0 0 0 0 0 0 0 0 0 0 0
20120604 17:42:25 0 0 0 0 0 0 0 100 0 18 18 0 209 0 0.14 0.06 0.05 0 0 0 0 0 0 0 0 0 0 0 0 0 0 0 0 0 0 0 0
20120604 17:42:30 0 0 0 0 0 0 0 100 0 14 16 0 209 2 0.13 0.06 0.05 1 0 0 0 0 0 0 0 0 0 0 0 0 0 0 0 0 0 0 0
20120604 17:42:35 0 0 0 0 0 0 0 100 0 28 18 0 209 0 0.12 0.06 0.05 0 0 0 0 0 0 0 0 0 0 0 0 0 0 0 0 0 0 0 0
################################################################################
# Collectl:   V3.6.1-4  HiRes: 1  Options: -i 5 --plot --filename cpu 
# Host:       ip-10-101-34-136  DaemonOpts: 
# Distro:     debian wheezy/sid, Ubuntu 11.10  Platform: 
# Date:       20120604-172754  Secs: 1338830874 TZ: +0000
# SubSys:     cdn Options:  Interval: 5 NumCPUs: 2 [HYPER] NumBud: 0 Flags: i
# Filters:    NfsFilt:  EnvFilt: 
# HZ:         100  Arch: x86_64-linux-gnu-thread-multi PageSize: 4096
# Cpu:        GenuineIntel Speed(MHz): 2266.746 Cores: 1  Siblings: 2 Nodes: 1
# Kernel:     3.0.0-16-virtual  Memory: 7645720 kB  Swap: 0 kB
# NumDisks:   1 DiskNames: xvdb
# NumNets:    2 NetNames: lo: eth0:
################################################################################
#Date Time [CPU]User% [CPU]Nice% [CPU]Sys% [CPU]Wait% [CPU]Irq% [CPU]Soft% [CPU]Steal% [CPU]Idle% [CPU]Totl% [CPU]Intrpt/sec [CPU]Ctx/sec [CPU]Proc/sec [CPU]ProcQue [CPU]ProcRun [CPU]L-Avg1 [CPU]L-Avg5 [CPU]L-Avg15 [CPU]RunTot [CPU]BlkTot [NET]RxPktTot [NET]TxPktTot [NET]RxKBTot [NET]TxKBTot [NET]RxCmpTot [NET]RxMltTot [NET]TxCmpTot [NET]RxErrsTot [NET]TxErrsTot [DSK]ReadTot [DSK]WriteTot [DSK]OpsTot [DSK]ReadKBTot [DSK]WriteKBTot [DSK]KbTot [DSK]ReadMrgTot [DSK]WriteMrgTot [DSK]MrgTot
20120604 17:42:40 0 0 0 0 0 0 0 100 0 54 58 0 209 2 0.11 0.06 0.05 1 0 0 0 0 0 0 0 0 0 0 0 0 0 0 0 0 0 0 0
20120604 17:42:45 0 0 0 0 0 0 0 100 0 26 25 0 209 0 0.10 0.06 0.05 0 0 0 0 0 0 0 0 0 0 0 0 0 0 0 0 0 0 0 0
20120604 17:42:50 0 0 0 0 0 0 0 100 0 23 24 0 209 1 0.09 0.06 0.05 1 0 0 0 0 0 0 0 0 0 0 0 0 0 0 0 0 0 0 0
20120604 17:42:55 0 0 0 0 0 0 0 100 0 27 24 0 209 1 0.08 0.06 0.05 0 0 0 0 0 0 0 0 0 0 0 0 0 0 0 0 0 0 0 0
20120604 17:43:00 0 0 0 0 0 0 0 100 0 23 25 0 209 2 0.08 0.06 0.05 1 0 0 0 0 0 0 0 0 0 0 0 0 0 0 0 0 0 0 0
20120604 17:43:05 1 0 1 0 0 0 0 97 3 385 362 0 209 0 0.07 0.05 0.05 0 0 1 1 0 0 0 0 0 0 0 0 0 0 0 0 0 0 0 0
20120604 17:43:10 0 0 0 0 0 0 0 100 0 27 25 0 209 2 0.06 0.05 0.05 1 0 1 1 0 0 0 0 0 0 0 0 0 0 0 0 0 0 0 0
20120604 17:43:15 2 0 1 0 0 0 1 96 4 614 1213 0 209 2 0.06 0.05 0.05 3 0 0 0 0 0 0 0 0 0 0 0 0 0 0 0 0 0 0 0
20120604 17:43:20 1 0 1 0 0 0 0 99 1 311 362 0 197 1 0.05 0.05 0.05 1 0 2 4 0 1 0 0 0 0 0 0 0 0 0 0 0 0 0 0
20120604 17:43:25 0 0 0 0 0 0 0 100 0 17 21 0 197 1 0.05 0.05 0.05 0 0 0 0 0 0 0 0 0 0 0 0 0 0 0 0 0 0 0 0
20120604 17:43:30 0 0 0 0 0 0 0 100 0 23 20 0 199 2 0.05 0.05 0.05 1 0 1 1 0 0 0 0 0 0 0 0 0 0 0 0 0 0 0 0
20120604 17:43:35 2 0 1 0 0 0 1 96 4 205 178 12 188 1 0.12 0.06 0.05 0 0 8 8 1 1 0 0 0 0 0 0 0 0 0 0 0 0 0 0
20120604 17:43:40 0 0 0 3 0 0 0 97 0 34 31 0 188 0 0.11 0.06 0.05 1 0 3 2 0 0 0 0 0 0 0 0 0 0 0 0 0 0 0 0
20120604 17:43:45 14 0 2 0 0 0 6 78 22 289 175 3 196 1 0.10 0.06 0.05 1 0 11 11 1 1 0 0 0 0 0 0 0 0 0 0 0 0 0 0
20120604 17:43:50 13 0 2 0 0 0 5 80 20 173 61 0 188 2 0.10 0.06 0.05 2 0 2 5 0 1 0 0 0 0 0 0 0 0 0 0 0 0 0 0
20120604 17:43:55 0 0 0 0 0 0 0 100 0 13 15 0 188 1 0.09 0.06 0.05 0 0 0 0 0 0 0 0 0 0 0 0 0 0 0 0 0 0 0 0
20120604 17:44:00 12 0 2 0 0 0 4 82 18 377 246 14 199 3 0.08 0.06 0.05 3 0 6 10 1 1 0 0 0 0 0 0 0 0 0 0 0 0 0 0
20120604 17:44:05 21 0 3 0 0 0 8 68 32 290 108 4 195 0 0.15 0.08 0.06 0 0 8 9 0 1 0 0 0 0 0 0 0 0 0 0 0 0 0 0
20120604 17:44:10 1 0 1 0 0 0 0 98 2 147 112 6 195 1 0.14 0.07 0.05 1 0 5 5 1 1 0 0 0 0 0 0 0 0 0 0 0 0 0 0
20120604 17:44:15 3 0 1 0 0 0 1 94 6 359 301 10 209 1 0.13 0.07 0.05 0 0 21 25 2 3 0 0 0 0 0 0 0 0 0 0 0 0 0 0
20120604 17:44:20 0 0 0 0 0 0 0 100 0 24 26 0 209 2 0.12 0.07 0.05 1 0 0 0 0 0 0 0 0 0 0 0 0 0 0 0 0 0 0 0
20120604 17:44:25 0 0 0 0 0 0 0 100 0 16 18 0 209 1 0.11 0.07 0.05 0 0 0 0 0 0 0 0 0 0 0 0 0 0 0 0 0 0 0 0
################################################################################
# Collectl:   V3.6.1-4  HiRes: 1  Options: -i 5 --plot --filename cpu 
# Host:       ip-10-101-34-136  DaemonOpts: 
# Distro:     debian wheezy/sid, Ubuntu 11.10  Platform: 
# Date:       20120604-172754  Secs: 1338830874 TZ: +0000
# SubSys:     cdn Options:  Interval: 5 NumCPUs: 2 [HYPER] NumBud: 0 Flags: i
# Filters:    NfsFilt:  EnvFilt: 
# HZ:         100  Arch: x86_64-linux-gnu-thread-multi PageSize: 4096
# Cpu:        GenuineIntel Speed(MHz): 2266.746 Cores: 1  Siblings: 2 Nodes: 1
# Kernel:     3.0.0-16-virtual  Memory: 7645720 kB  Swap: 0 kB
# NumDisks:   1 DiskNames: xvdb
# NumNets:    2 NetNames: lo: eth0:
################################################################################
#Date Time [CPU]User% [CPU]Nice% [CPU]Sys% [CPU]Wait% [CPU]Irq% [CPU]Soft% [CPU]Steal% [CPU]Idle% [CPU]Totl% [CPU]Intrpt/sec [CPU]Ctx/sec [CPU]Proc/sec [CPU]ProcQue [CPU]ProcRun [CPU]L-Avg1 [CPU]L-Avg5 [CPU]L-Avg15 [CPU]RunTot [CPU]BlkTot [NET]RxPktTot [NET]TxPktTot [NET]RxKBTot [NET]TxKBTot [NET]RxCmpTot [NET]RxMltTot [NET]TxCmpTot [NET]RxErrsTot [NET]TxErrsTot [DSK]ReadTot [DSK]WriteTot [DSK]OpsTot [DSK]ReadKBTot [DSK]WriteKBTot [DSK]KbTot [DSK]ReadMrgTot [DSK]WriteMrgTot [DSK]MrgTot
20120604 17:44:30 1 0 1 0 0 0 0 97 3 403 400 0 209 2 0.18 0.09 0.06 1 0 0 1 0 0 0 0 0 0 0 0 0 0 0 0 0 0 0 0
20120604 17:44:35 0 0 0 0 0 0 0 100 0 26 17 0 209 1 0.17 0.08 0.06 1 0 0 0 0 0 0 0 0 0 0 0 0 0 0 0 0 0 0 0
20120604 17:44:40 8 0 4 0 0 1 3 85 15 3030 4104 0 209 1 0.15 0.08 0.06 1 0 353 292 45 59 0 0 0 0 0 0 0 0 0 0 0 0 0 0
20120604 17:44:45 0 0 0 0 0 0 0 100 0 18 19 0 209 1 0.14 0.08 0.06 0 0 0 0 0 0 0 0 0 0 0 0 0 0 0 0 0 0 0 0
20120604 17:44:50 9 0 4 0 0 1 3 82 17 3077 4410 0 209 1 0.13 0.08 0.06 1 0 395 309 47 60 0 0 0 0 0 0 0 0 0 0 0 0 0 0
20120604 17:44:55 0 0 0 0 0 0 0 100 0 20 20 0 209 0 0.12 0.08 0.06 0 0 0 0 0 0 0 0 0 0 0 0 0 0 0 0 0 0 0 0
20120604 17:45:00 7 0 4 0 0 1 3 84 16 2686 3458 0 209 2 0.11 0.08 0.06 2 0 382 302 47 59 0 0 0 0 0 0 0 0 0 0 0 0 0 0
20120604 17:45:05 1 0 1 0 0 0 1 97 3 381 358 0 209 0 0.10 0.08 0.05 0 0 0 1 0 0 0 0 0 0 0 0 0 0 0 0 0 0 0 0
20120604 17:45:10 8 0 4 0 0 1 3 84 16 3014 3776 0 209 1 0.09 0.07 0.05 1 0 384 304 47 59 0 0 0 0 0 0 0 0 0 0 0 0 0 0
20120604 17:45:15 7 0 4 0 0 1 3 85 15 3017 4048 0 209 1 0.09 0.07 0.05 0 0 386 307 47 59 0 0 0 0 0 0 0 0 0 0 0 0 0 0
20120604 17:45:20 8 0 4 0 0 1 3 84 16 2992 4204 0 209 2 0.08 0.07 0.05 1 0 396 323 47 60 0 0 0 0 0 0 0 0 0 0 0 0 0 0
20120604 17:45:25 8 0 3 0 0 1 3 85 15 2530 3648 0 209 1 0.07 0.07 0.05 0 0 404 337 48 61 0 0 0 0 0 0 0 0 0 0 0 0 0 0
20120604 17:45:30 8 0 4 0 0 1 3 84 16 3030 4118 0 209 2 0.07 0.07 0.05 1 0 427 368 49 63 0 0 0 0 0 0 0 0 0 0 0 0 0 0
20120604 17:45:35 8 0 4 0 0 1 4 84 16 2920 3819 0 209 1 0.06 0.07 0.05 0 0 387 303 47 49 0 0 0 0 0 0 0 0 0 0 0 0 0 0
20120604 17:45:40 7 0 4 0 0 1 3 85 15 3045 3129 0 209 2 0.06 0.07 0.05 1 0 396 302 47 38 0 0 0 0 0 0 0 0 0 0 0 0 0 0
20120604 17:45:45 7 0 3 0 0 1 3 86 14 2733 3013 0 209 1 0.05 0.07 0.05 0 0 387 295 47 37 0 0 0 0 0 0 0 0 0 0 0 0 0 0
20120604 17:45:50 7 0 5 0 0 1 4 84 16 2855 3415 0 209 2 0.05 0.07 0.05 2 0 380 289 47 37 0 0 0 0 0 0 0 0 0 0 0 0 0 0
20120604 17:45:55 8 0 4 0 0 1 2 86 14 2800 2796 0 209 1 0.04 0.07 0.05 0 0 391 294 47 37 0 0 0 0 0 0 0 0 0 0 0 0 0 0
20120604 17:46:00 12 0 5 0 0 1 5 77 23 4179 5483 0 209 1 0.04 0.06 0.05 1 0 394 309 48 103 0 0 0 0 0 0 0 0 0 0 0 0 0 0
20120604 17:46:05 8 0 4 0 0 1 2 86 14 2922 3931 0 209 1 0.04 0.06 0.05 0 0 392 305 47 62 0 0 0 0 0 0 0 0 0 0 0 0 0 0
20120604 17:46:10 17 0 9 0 0 1 5 67 33 5665 6240 0 209 1 0.03 0.06 0.05 1 0 749 582 92 74 0 0 0 0 0 0 0 0 0 0 0 0 0 0
20120604 17:46:15 7 0 4 0 0 1 2 86 14 2730 3467 0 209 1 0.03 0.06 0.05 0 0 381 289 47 37 0 0 0 0 0 0 0 0 0 0 0 0 0 0
################################################################################
# Collectl:   V3.6.1-4  HiRes: 1  Options: -i 5 --plot --filename cpu 
# Host:       ip-10-101-34-136  DaemonOpts: 
# Distro:     debian wheezy/sid, Ubuntu 11.10  Platform: 
# Date:       20120604-172754  Secs: 1338830874 TZ: +0000
# SubSys:     cdn Options:  Interval: 5 NumCPUs: 2 [HYPER] NumBud: 0 Flags: i
# Filters:    NfsFilt:  EnvFilt: 
# HZ:         100  Arch: x86_64-linux-gnu-thread-multi PageSize: 4096
# Cpu:        GenuineIntel Speed(MHz): 2266.746 Cores: 1  Siblings: 2 Nodes: 1
# Kernel:     3.0.0-16-virtual  Memory: 7645720 kB  Swap: 0 kB
# NumDisks:   1 DiskNames: xvdb
# NumNets:    2 NetNames: lo: eth0:
################################################################################
#Date Time [CPU]User% [CPU]Nice% [CPU]Sys% [CPU]Wait% [CPU]Irq% [CPU]Soft% [CPU]Steal% [CPU]Idle% [CPU]Totl% [CPU]Intrpt/sec [CPU]Ctx/sec [CPU]Proc/sec [CPU]ProcQue [CPU]ProcRun [CPU]L-Avg1 [CPU]L-Avg5 [CPU]L-Avg15 [CPU]RunTot [CPU]BlkTot [NET]RxPktTot [NET]TxPktTot [NET]RxKBTot [NET]TxKBTot [NET]RxCmpTot [NET]RxMltTot [NET]TxCmpTot [NET]RxErrsTot [NET]TxErrsTot [DSK]ReadTot [DSK]WriteTot [DSK]OpsTot [DSK]ReadKBTot [DSK]WriteKBTot [DSK]KbTot [DSK]ReadMrgTot [DSK]WriteMrgTot [DSK]MrgTot
20120604 17:46:20 22 0 10 0 0 2 10 56 44 6257 8834 0 209 1 0.03 0.06 0.05 1 0 753 579 93 112 0 0 0 0 0 0 0 0 0 0 0 0 0 0
20120604 17:46:25 8 0 4 0 0 1 3 84 16 2704 4003 0 209 1 0.03 0.06 0.05 0 0 399 309 48 131 0 0 0 0 0 0 0 0 0 0 0 0 0 0
20120604 17:46:30 17 0 9 0 0 2 7 66 34 5280 7034 0 209 1 0.02 0.06 0.05 1 0 754 608 93 124 0 0 0 0 0 0 0 0 0 0 0 0 0 0
20120604 17:46:35 7 0 4 0 0 1 3 85 15 2869 3104 0 209 1 0.02 0.06 0.05 0 0 390 295 47 37 0 0 0 0 0 0 0 0 0 0 0 0 0 0
20120604 17:46:40 20 0 12 0 0 2 8 58 42 6303 7395 0 209 4 0.02 0.06 0.05 4 0 779 595 94 127 0 0 0 0 0 0 0 0 0 0 0 0 0 0
20120604 17:46:45 12 0 6 0 0 1 4 77 23 4366 5614 0 209 0 0.02 0.06 0.05 0 0 576 499 66 91 0 0 0 0 0 0 0 0 0 0 0 0 0 0
20120604 17:46:50 22 0 11 0 0 2 10 55 45 6062 8700 0 209 2 0.02 0.05 0.05 2 0 964 832 114 155 0 0 0 0 0 0 0 0 0 0 0 0 0 0
20120604 17:46:55 12 0 7 1 0 1 6 74 25 4140 5782 0 211 0 0.02 0.05 0.05 0 1 551 448 64 84 0 0 0 0 0 0 0 0 0 0 0 0 0 0
20120604 17:47:00 24 0 13 4 0 2 8 49 47 6147 8366 0 209 6 0.02 0.05 0.05 6 0 1054 856 124 135 0 0 0 0 0 0 0 0 0 0 0 0 0 0
20120604 17:47:05 31 0 17 0 0 3 11 37 63 8570 11556 0 210 3 0.01 0.05 0.05 3 0 948 719 113 139 0 0 0 0 0 0 0 0 0 0 0 0 0 0
20120604 17:47:10 25 0 13 0 0 2 8 52 48 6515 8907 0 210 5 0.01 0.05 0.05 4 0 948 789 111 186 0 0 0 0 0 0 0 0 0 0 0 0 0 0
20120604 17:47:15 16 0 9 0 0 1 6 68 32 5115 7257 0 210 0 0.01 0.05 0.05 0 0 696 543 83 107 0 0 0 0 0 0 0 0 0 0 0 0 0 0
20120604 17:47:20 25 0 13 0 0 2 10 50 50 6141 8387 0 210 3 0.01 0.05 0.05 3 0 934 767 110 147 0 0 0 0 0 0 0 0 0 0 0 0 0 0
20120604 17:47:25 29 0 17 0 0 3 11 40 60 8415 11952 0 210 0 0.01 0.05 0.05 0 0 1126 946 132 182 0 0 0 0 0 0 0 0 0 0 0 0 0 0
20120604 17:47:30 28 0 14 0 0 2 11 45 55 6773 9025 0 210 3 0.01 0.05 0.05 3 0 973 787 113 153 0 0 0 0 0 0 0 0 0 0 0 0 0 0
20120604 17:47:35 32 0 19 0 0 3 16 30 70 7918 11249 0 210 3 0.01 0.05 0.05 3 0 1356 1198 155 215 0 0 0 0 0 0 0 0 0 0 0 0 0 0
20120604 17:47:40 34 0 18 0 0 3 13 32 68 7972 10977 0 210 3 0.17 0.08 0.06 3 0 983 800 114 159 0 0 0 0 0 0 0 0 0 0 0 0 0 0
20120604 17:47:45 33 0 18 0 0 3 14 33 67 8357 11748 0 210 1 0.15 0.08 0.06 1 0 1212 1016 139 193 0 0 0 0 0 0 0 0 0 0 0 0 0 0
20120604 17:47:50 37 0 19 0 0 3 15 27 73 8558 11771 0 210 5 0.30 0.11 0.07 4 0 1184 1030 134 181 0 0 0 0 0 0 0 0 0 0 0 0 0 0
20120604 17:47:55 34 0 18 0 0 3 13 32 68 8247 10884 0 210 3 0.28 0.11 0.07 4 0 1242 1050 144 202 0 0 0 0 0 0 0 0 0 0 0 0 0 0
20120604 17:48:00 35 0 17 0 0 3 12 33 67 8104 11107 0 210 3 0.26 0.10 0.06 3 0 1086 933 123 165 0 0 0 0 0 0 0 0 0 0 0 0 0 0
20120604 17:48:05 38 0 17 0 0 3 14 28 72 8382 11416 0 210 2 0.23 0.10 0.06 2 0 1557 1330 181 197 0 0 0 0 0 0 0 0 0 0 0 0 0 0
################################################################################
# Collectl:   V3.6.1-4  HiRes: 1  Options: -i 5 --plot --filename cpu 
# Host:       ip-10-101-34-136  DaemonOpts: 
# Distro:     debian wheezy/sid, Ubuntu 11.10  Platform: 
# Date:       20120604-172754  Secs: 1338830874 TZ: +0000
# SubSys:     cdn Options:  Interval: 5 NumCPUs: 2 [HYPER] NumBud: 0 Flags: i
# Filters:    NfsFilt:  EnvFilt: 
# HZ:         100  Arch: x86_64-linux-gnu-thread-multi PageSize: 4096
# Cpu:        GenuineIntel Speed(MHz): 2266.746 Cores: 1  Siblings: 2 Nodes: 1
# Kernel:     3.0.0-16-virtual  Memory: 7645720 kB  Swap: 0 kB
# NumDisks:   1 DiskNames: xvdb
# NumNets:    2 NetNames: lo: eth0:
################################################################################
#Date Time [CPU]User% [CPU]Nice% [CPU]Sys% [CPU]Wait% [CPU]Irq% [CPU]Soft% [CPU]Steal% [CPU]Idle% [CPU]Totl% [CPU]Intrpt/sec [CPU]Ctx/sec [CPU]Proc/sec [CPU]ProcQue [CPU]ProcRun [CPU]L-Avg1 [CPU]L-Avg5 [CPU]L-Avg15 [CPU]RunTot [CPU]BlkTot [NET]RxPktTot [NET]TxPktTot [NET]RxKBTot [NET]TxKBTot [NET]RxCmpTot [NET]RxMltTot [NET]TxCmpTot [NET]RxErrsTot [NET]TxErrsTot [DSK]ReadTot [DSK]WriteTot [DSK]OpsTot [DSK]ReadKBTot [DSK]WriteKBTot [DSK]KbTot [DSK]ReadMrgTot [DSK]WriteMrgTot [DSK]MrgTot
20120604 17:48:10 34 0 18 0 0 3 14 31 69 7204 10959 0 210 4 0.22 0.10 0.06 4 0 1359 1054 165 230 0 0 0 0 0 0 0 0 0 0 0 0 0 0
20120604 17:48:15 34 0 18 0 0 3 13 32 68 7906 11383 0 210 2 0.20 0.10 0.06 2 0 1516 1184 184 247 0 0 0 0 0 0 0 0 0 0 0 0 0 0
20120604 17:48:20 37 0 16 0 0 3 14 30 70 7562 10050 0 210 5 0.18 0.10 0.06 6 0 1323 1061 156 240 0 0 0 0 0 0 0 0 0 0 0 0 0 0
20120604 17:48:25 37 0 18 0 0 3 17 25 75 7243 11351 0 210 3 0.17 0.10 0.06 3 0 1508 1252 180 249 0 0 0 0 0 0 0 0 0 0 0 0 0 0
20120604 17:48:30 14 0 3 0 0 0 6 76 24 2540 4262 0 210 1 0.15 0.10 0.06 1 0 35 16 2 61 0 0 0 0 0 0 0 0 0 0 0 0 0 0
20120604 17:48:35 2 0 0 0 0 0 1 97 3 107 79 0 198 0 0.14 0.09 0.06 0 0 2 2 0 1 0 0 0 0 0 0 0 0 0 0 0 0 0 0
20120604 17:48:40 0 0 0 0 0 0 0 100 0 67 74 0 198 1 0.13 0.09 0.06 1 0 1 1 0 1 0 0 0 0 0 0 0 0 0 0 0 0 0 0
20120604 17:48:45 0 0 0 0 0 0 0 100 0 21 24 0 198 0 0.12 0.09 0.06 0 0 2 3 0 3 0 0 0 0 0 0 0 0 0 0 0 0 0 0
20120604 17:48:50 0 0 0 0 0 0 0 100 0 22 22 0 198 2 0.11 0.09 0.06 1 0 1 1 0 1 0 0 0 0 0 0 0 0 0 0 0 0 0 0
20120604 17:48:55 0 0 0 0 0 0 0 100 0 22 25 0 198 0 0.10 0.09 0.06 0 0 3 3 0 3 0 0 0 0 0 0 0 0 0 0 0 0 0 0
20120604 17:49:00 0 0 0 0 0 0 0 100 0 23 25 0 198 2 0.09 0.09 0.06 1 0 3 3 0 3 0 0 0 0 0 0 0 0 0 0 0 0 0 0
20120604 17:49:05 0 0 0 0 0 0 0 100 0 20 19 0 198 1 0.09 0.08 0.06 0 0 1 1 0 0 0 0 0 0 0 0 0 0 0 0 0 0 0 0
20120604 17:49:10 0 0 0 0 0 0 0 100 0 27 23 0 198 2 0.08 0.08 0.06 2 0 3 2 0 3 0 0 0 0 0 0 0 0 0 0 0 0 0 0
20120604 17:49:15 0 0 0 0 0 0 0 100 0 29 23 0 197 0 0.07 0.08 0.06 0 0 2 2 0 0 0 0 0 0 0 0 0 0 0 0 0 0 0 0
20120604 17:49:20 0 0 0 0 0 0 0 100 0 61 66 0 197 2 0.07 0.08 0.06 1 0 10 6 1 1 0 0 0 0 0 0 0 0 0 0 0 0 0 0
20120604 17:49:25 0 0 0 0 0 0 0 100 0 18 19 0 197 0 0.06 0.08 0.06 0 0 1 1 0 0 0 0 0 0 0 0 0 0 0 0 0 0 0 0
20120604 17:49:30 0 0 0 0 0 0 0 100 0 15 15 0 197 1 0.06 0.08 0.06 1 0 0 0 0 0 0 0 0 0 0 0 0 0 0 0 0 0 0 0
20120604 17:49:35 0 0 0 0 0 0 0 100 0 23 22 0 197 0 0.05 0.08 0.06 0 0 2 2 0 0 0 0 0 0 0 0 0 0 0 0 0 0 0 0
20120604 17:49:40 0 0 0 0 0 0 0 100 0 59 56 0 197 2 0.05 0.07 0.06 1 0 8 6 1 1 0 0 0 0 0 0 0 0 0 0 0 0 0 0
