7248960 18416 110212
7248216 18424 110204
7244588 18424 110212
7243472 18432 110212
7242852 18440 110224
7241860 18440 110232
7240364 18448 110232
7239876 18448 110232
7237992 18448 110232
7237016 18448 110232
7234304 18448 110232
7233412 18456 110232
7229908 18456 110232
7229428 18456 110232
7225492 18456 110232
7224492 18480 110232
7221788 18488 110248
7222028 18488 110248
7218672 18488 110248
7216208 18488 110248
7213960 18488 110248
7212108 18488 110248
7203808 18496 110248
7206256 18500 110248
7202932 18500 110248
7202148 18500 110248
7199716 18500 110248
7193100 18500 110264
7191632 18508 110256
7185672 18508 110264
7179672 18700 113268
7174664 18708 113260
7157884 18708 113268
7158628 18708 113268
7157504 18724 113260
7152164 18732 113260
7148436 18732 113260
7143584 18732 113260
7134864 18732 113260
7130200 18732 113276
7125464 18740 113268
7122496 18740 113276
7114652 18748 113276
7109568 18748 113276
7105020 18748 113276
7100448 18748 113276
7095720 18748 113276
7095208 18756 113276
