################################################################################
# Collectl:   V3.6.1-4  HiRes: 1  Options: -i 5 --vmstat -P --filename memory 
# Host:       ip-10-101-34-136  DaemonOpts: 
# Distro:     debian wheezy/sid, Ubuntu 11.10  Platform: 
# Date:       20120604-172805  Secs: 1338830885 TZ: +0000
# SubSys:     cm Options:  Interval: 5 NumCPUs: 2 [HYPER] NumBud: 0 Flags: i
# Filters:    NfsFilt:  EnvFilt: 
# HZ:         100  Arch: x86_64-linux-gnu-thread-multi PageSize: 4096
# Cpu:        GenuineIntel Speed(MHz): 2266.746 Cores: 1  Siblings: 2 Nodes: 1
# Kernel:     3.0.0-16-virtual  Memory: 7645720 kB  Swap: 0 kB
# NumDisks:   1 DiskNames: xvdb
# NumNets:    2 NetNames: lo: eth0:
################################################################################
#Date Time [CPU]User% [CPU]Nice% [CPU]Sys% [CPU]Wait% [CPU]Irq% [CPU]Soft% [CPU]Steal% [CPU]Idle% [CPU]Totl% [CPU]Intrpt/sec [CPU]Ctx/sec [CPU]Proc/sec [CPU]ProcQue [CPU]ProcRun [CPU]L-Avg1 [CPU]L-Avg5 [CPU]L-Avg15 [CPU]RunTot [CPU]BlkTot [MEM]Tot [MEM]Used [MEM]Free [MEM]Shared [MEM]Buf [MEM]Cached [MEM]Slab [MEM]Map [MEM]Anon [MEM]Commit [MEM]Locked [MEM]SwapTot [MEM]SwapUsed [MEM]SwapFree [MEM]SwapIn [MEM]SwapOut [MEM]Dirty [MEM]Clean [MEM]Laundry [MEM]Inactive [MEM]PageIn [MEM]PageOut [MEM]PageFaults [MEM]PageMajFaults [MEM]HugeTotal [MEM]HugeFree [MEM]HugeRsvd [MEM]SUnreclaim
20120604 17:28:11 0 0 0 0 0 0 0 100 0 18 17 0 188 0 0.00 0.03 0.05 0 0 7645720 360608 7285112 0 17248 106416 21928 17356 119548 346140 0 0 0 0 0 0 52 0 0 56296 0 9 4 0 0 0 0 6860
20120604 17:28:16 0 0 0 0 0 0 0 100 0 13 14 0 188 0 0.00 0.03 0.05 0 0 7645720 360608 7285112 0 17248 106420 21928 17356 119580 346140 0 0 0 0 0 0 36 0 0 56300 0 2 21 0 0 0 0 6860
20120604 17:28:21 0 0 0 0 0 0 0 100 0 18 17 0 188 0 0.00 0.03 0.05 0 0 7645720 360608 7285112 0 17256 106420 21928 17356 119584 346140 0 0 0 0 0 0 48 0 0 56304 0 7 0 0 0 0 0 6860
20120604 17:28:26 0 0 0 0 0 0 0 100 0 13 16 0 188 0 0.00 0.03 0.05 0 0 7645720 360608 7285112 0 17256 106420 21928 17356 119584 346140 0 0 0 0 0 0 52 0 0 56308 0 0 5 0 0 0 0 6860
20120604 17:28:31 0 0 0 0 0 0 0 100 0 18 17 0 188 0 0.00 0.03 0.05 0 0 7645720 360608 7285112 0 17264 106416 21928 17356 119584 346140 0 0 0 0 0 0 48 0 0 56312 0 3 0 0 0 0 0 6860
20120604 17:28:36 0 0 0 0 0 0 0 100 0 22 21 0 190 0 0.00 0.03 0.05 0 0 7645720 361368 7284352 0 17264 106424 21952 17364 120360 349452 0 0 0 0 0 0 48 0 0 56316 0 0 215 0 0 0 0 6884
20120604 17:28:41 26 0 5 0 0 0 10 59 41 514 281 14 199 2 0.08 0.04 0.05 1 0 7645720 379932 7265788 0 17264 106164 22256 17632 137460 381052 0 0 0 0 0 0 492 0 0 56104 0 0 17516 0 0 0 0 7168
20120604 17:28:46 8 0 2 0 0 0 3 86 14 272 170 10 197 0 0.08 0.04 0.05 0 0 7645720 370776 7274944 0 17272 106444 22224 17460 128612 395468 0 0 0 0 0 0 716 0 0 56340 0 31 5642 0 0 0 0 7128
20120604 17:28:51 3 0 1 1 0 0 1 93 5 386 301 11 209 0 0.07 0.04 0.05 0 0 7645720 391036 7254684 0 17352 106500 22208 17388 148200 451216 0 0 0 0 0 0 836 0 0 56236 0 92 5346 0 0 0 0 7064
20120604 17:28:56 0 0 0 0 0 0 0 100 0 18 25 0 209 0 0.06 0.04 0.05 0 0 7645720 390664 7255056 0 17360 106516 22208 17388 147688 450704 0 0 0 0 0 0 820 0 0 56248 0 18 5 0 0 0 0 7064
20120604 17:29:01 0 0 0 0 0 0 0 99 1 21 19 0 209 0 0.06 0.04 0.05 0 0 7645720 390664 7255056 0 17360 106516 22208 17388 147692 450704 0 0 0 0 0 0 820 0 0 56248 0 0 0 0 0 0 0 7064
20120604 17:29:06 0 0 0 0 0 0 0 100 0 14 16 0 209 0 0.05 0.04 0.05 0 0 7645720 390664 7255056 0 17360 106516 22208 17388 147692 450704 0 0 0 0 0 0 820 0 0 56248 0 0 5 0 0 0 0 7064
20120604 17:29:11 0 0 0 0 0 0 0 100 0 24 17 0 209 0 0.05 0.04 0.05 0 0 7645720 390664 7255056 0 17360 106516 22212 17388 147692 450704 0 0 0 0 0 0 600 0 0 56248 0 44 0 0 0 0 0 7056
20120604 17:29:16 0 0 0 0 0 0 0 100 0 24 19 0 209 0 0.05 0.04 0.05 0 0 7645720 390680 7255040 0 17368 106516 22228 17388 147692 450704 0 0 0 0 0 0 124 0 0 56256 0 107 5 0 0 0 0 7056
20120604 17:29:21 1 0 1 0 0 0 0 98 2 391 364 0 209 0 0.04 0.04 0.05 0 0 7645720 391408 7254312 0 17376 106516 22208 17392 149100 453168 0 0 0 0 0 0 56 0 0 56256 0 22 75 0 0 0 0 7056
20120604 17:29:26 0 0 0 0 0 0 0 100 0 14 15 0 209 0 0.04 0.04 0.05 0 0 7645720 391408 7254312 0 17376 106516 22208 17392 149104 453168 0 0 0 0 0 0 24 0 0 56256 0 6 5 0 0 0 0 7056
20120604 17:29:31 8 0 4 0 0 1 2 85 15 2896 3913 0 209 0 0.04 0.04 0.05 0 0 7645720 397244 7248476 0 17384 106512 22220 17392 154300 460224 0 0 0 0 0 0 36 0 0 56216 0 6 300 0 0 0 0 7064
20120604 17:29:36 0 0 0 0 0 0 0 100 0 13 16 0 209 0 0.03 0.04 0.05 0 0 7645720 397244 7248476 0 17384 106516 22220 17392 154316 460224 0 0 0 0 0 0 36 0 0 56216 0 0 5 0 0 0 0 7064
20120604 17:29:41 8 0 4 0 0 1 3 84 16 2930 4255 0 209 0 0.03 0.04 0.05 0 0 7645720 399624 7246096 0 17384 106532 22244 17392 156324 463612 0 0 0 0 0 0 56 0 0 56224 0 0 160 0 0 0 0 7092
20120604 17:29:46 0 0 0 0 0 0 0 100 0 14 18 0 209 0 0.03 0.04 0.05 0 0 7645720 399624 7246096 0 17392 106524 22244 17392 156336 463612 0 0 0 0 0 0 56 0 0 56224 0 3 5 0 0 0 0 7092
20120604 17:29:51 8 0 4 0 0 1 4 83 17 2899 4009 0 209 0 0.03 0.04 0.05 0 0 7645720 401228 7244492 0 17392 106532 22240 17392 158364 465560 0 0 0 0 0 0 52 0 0 56244 0 0 130 0 0 0 0 7084
20120604 17:29:56 0 0 0 0 0 0 0 100 0 16 17 0 209 0 0.02 0.04 0.05 0 0 7645720 401352 7244368 0 17392 106532 22244 17392 158368 465560 0 0 0 0 0 0 16 0 0 56244 0 7 5 0 0 0 0 7088
20120604 17:30:01 9 0 5 0 0 1 4 82 18 2825 3974 0 209 0 0.02 0.04 0.05 0 0 7645720 402592 7243128 0 17392 106532 22240 17392 159548 467920 0 0 0 0 0 0 16 0 0 56244 0 0 86 0 0 0 0 7088
20120604 17:30:06 0 0 0 0 0 0 0 100 0 15 18 0 209 0 0.02 0.04 0.05 0 0 7645720 402592 7243128 0 17392 106532 22240 17392 159552 467920 0 0 0 0 0 0 16 0 0 56244 0 0 5 0 0 0 0 7088
20120604 17:30:11 8 0 4 0 0 0 3 84 16 2969 4046 0 209 0 0.02 0.04 0.05 0 0 7645720 404584 7241136 0 17392 106532 22252 17392 161488 468892 0 0 0 0 0 0 16 0 0 56244 0 0 139 0 0 0 0 7096
20120604 17:30:16 0 0 0 0 0 0 0 100 0 15 17 0 209 0 0.02 0.04 0.05 0 0 7645720 404584 7241136 0 17392 106532 22252 17392 161488 468892 0 0 0 0 0 0 0 0 0 56244 0 3 5 0 0 0 0 7096
20120604 17:30:21 8 0 5 0 0 1 3 83 17 2984 4453 0 209 0 0.02 0.03 0.05 0 0 7645720 406204 7239516 0 17400 106532 22252 17392 163164 469356 0 0 0 0 0 0 12 0 0 56244 0 4 117 0 0 0 0 7104
20120604 17:30:26 0 0 0 0 0 0 0 100 0 13 16 0 209 0 0.01 0.03 0.05 0 0 7645720 406204 7239516 0 17400 106532 22252 17392 163164 469356 0 0 0 0 0 0 12 0 0 56244 0 0 5 0 0 0 0 7104
20120604 17:30:31 9 0 5 0 0 1 5 81 19 2979 4211 0 209 0 0.01 0.03 0.05 0 0 7645720 406972 7238748 0 17400 106532 22280 17392 164016 470276 0 0 0 0 0 0 12 0 0 56252 0 0 107 0 0 0 0 7128
20120604 17:30:36 0 0 0 0 0 0 0 100 0 13 17 0 209 0 0.01 0.03 0.05 0 0 7645720 407096 7238624 0 17400 106532 22280 17392 164020 470276 0 0 0 0 0 0 12 0 0 56252 0 0 5 0 0 0 0 7128
20120604 17:30:41 8 0 4 0 0 1 3 84 16 3176 4259 0 209 0 0.01 0.03 0.05 0 0 7645720 407924 7237796 0 17400 106548 22236 17392 164796 472224 0 0 0 0 0 0 32 0 0 56252 0 0 163 0 0 0 0 7088
20120604 17:30:46 0 0 0 0 0 0 0 100 0 15 18 0 209 0 0.01 0.03 0.05 0 0 7645720 407924 7237796 0 17408 106540 22236 17392 164800 472224 0 0 0 0 0 0 32 0 0 56252 0 3 5 0 0 0 0 7088
20120604 17:30:51 7 0 5 0 0 0 3 84 16 3059 4515 0 209 0 0.01 0.03 0.05 0 0 7645720 409700 7236020 0 17408 106548 22280 17392 166864 475044 0 0 0 0 0 0 16 0 0 56272 0 2 156 0 0 0 0 7128
20120604 17:30:56 0 0 0 0 0 0 0 100 0 14 16 0 209 0 0.01 0.03 0.05 0 0 7645720 409964 7235756 0 17408 106548 22300 17392 166864 475044 0 0 0 0 0 0 16 0 0 56272 0 0 5 0 0 0 0 7132
20120604 17:31:01 9 0 3 0 0 1 3 85 15 2846 2785 0 209 0 0.01 0.03 0.05 0 0 7645720 412364 7233356 0 17408 106548 22212 17392 169424 481244 0 0 0 0 0 0 16 0 0 56272 0 0 138 0 0 0 0 7064
20120604 17:31:06 0 0 0 0 0 0 0 100 0 13 17 0 209 0 0.01 0.03 0.05 0 0 7645720 412372 7233348 0 17408 106548 22224 17392 169424 481244 0 0 0 0 0 0 16 0 0 56272 0 0 5 0 0 0 0 7064
20120604 17:31:11 8 0 4 0 0 1 4 84 16 2791 3108 0 209 0 0.01 0.03 0.05 0 0 7645720 413976 7231744 0 17408 106548 22216 17392 170720 480708 0 0 0 0 0 0 16 0 0 56272 0 0 141 0 0 0 0 7064
20120604 17:31:16 0 0 0 0 0 0 0 100 0 14 16 0 209 0 0.01 0.03 0.05 1 0 7645720 413984 7231736 0 17408 106548 22224 17392 170628 480708 0 0 0 0 0 0 0 0 0 56272 0 3 5 0 0 0 0 7064
20120604 17:31:21 7 0 4 0 0 1 3 84 16 2816 3653 0 209 0 0.01 0.03 0.05 0 0 7645720 415472 7230248 0 17416 106540 22220 17392 172488 480708 0 0 0 0 0 0 0 0 0 56272 0 4 161 0 0 0 0 7072
20120604 17:31:26 0 0 0 0 0 0 0 100 0 32 32 0 210 0 0.01 0.03 0.05 0 0 7645720 415800 7229920 0 17416 106632 22304 17520 172864 481364 0 0 0 0 0 0 12 0 0 56344 17 0 103 0 0 0 0 7088
20120604 17:31:31 8 0 4 0 0 0 3 84 16 2739 3240 0 209 0 0.01 0.03 0.05 0 0 7645720 417876 7227844 0 17424 106632 22296 17392 174824 483340 0 0 0 0 0 0 16 0 0 56344 0 2 323 0 0 0 0 7084
20120604 17:31:36 0 0 0 0 0 0 0 100 0 13 16 0 209 0 0.00 0.03 0.05 0 0 7645720 418024 7227696 0 17424 106632 22324 17392 174824 483340 0 0 0 0 0 0 16 0 0 56344 0 0 5 0 0 0 0 7084
20120604 17:31:41 8 0 4 0 0 1 3 84 16 2508 3172 0 209 0 0.00 0.03 0.05 0 0 7645720 420380 7225340 0 17424 106652 22320 17392 177072 485084 0 0 0 0 0 0 40 0 0 56344 0 0 195 0 0 0 0 7100
20120604 17:31:46 0 0 0 0 0 0 0 100 0 14 18 0 209 0 0.00 0.03 0.05 0 0 7645720 420404 7225316 0 17432 106644 22320 17392 177080 485084 0 0 0 0 0 0 40 0 0 56344 0 3 5 0 0 0 0 7100
20120604 17:31:51 8 0 4 0 0 1 3 85 15 2727 3321 0 209 0 0.00 0.03 0.05 0 0 7645720 422208 7223512 0 17448 106644 22292 17392 178596 491352 0 0 0 0 0 0 76 0 0 56368 0 18 210 0 0 0 0 7076
20120604 17:31:56 0 0 0 0 0 0 0 100 0 28 29 0 210 0 0.00 0.03 0.05 0 0 7645720 422744 7222976 0 17456 106644 22332 17520 178928 492012 0 0 0 0 0 0 60 0 0 56368 0 6 101 0 0 0 0 7080
20120604 17:32:01 8 0 4 0 0 1 3 84 16 2770 3283 0 210 0 0.00 0.03 0.05 0 0 7645720 424728 7220992 0 17456 106644 22328 17520 181356 494832 0 0 0 0 0 0 60 0 0 56376 0 0 177 0 0 0 0 7096
20120604 17:32:06 0 0 0 0 0 0 0 100 0 21 24 0 210 0 0.00 0.02 0.05 0 0 7645720 424728 7220992 0 17456 106644 22328 17520 181356 494832 0 0 0 0 0 0 60 0 0 56376 0 0 5 0 0 0 0 7096
20120604 17:32:11 8 0 4 0 0 1 2 86 14 2735 3414 0 210 0 0.00 0.02 0.05 0 0 7645720 426580 7219140 0 17456 106644 22324 17520 182876 494372 0 0 0 0 0 0 60 0 0 56376 0 4 118 0 0 0 0 7088
20120604 17:32:16 6 0 2 0 0 0 2 90 10 2373 2649 0 210 0 0.00 0.02 0.05 0 0 7645720 428736 7216984 0 17456 106644 22372 17520 185032 497524 0 0 0 0 0 0 40 0 0 56376 0 0 740 0 0 0 0 7136
20120604 17:32:21 8 0 4 0 0 1 3 84 16 2590 3809 0 210 1 0.00 0.02 0.05 0 0 7645720 430960 7214760 0 17464 106644 22360 17520 187564 502360 0 0 0 0 0 0 48 0 0 56384 0 7 363 0 0 0 0 7128
20120604 17:32:26 6 0 3 0 0 1 3 86 14 2262 3243 0 210 0 0.00 0.02 0.05 0 0 7645720 432556 7213164 0 17464 106644 22336 17520 189168 505744 0 0 0 0 0 0 32 0 0 56384 0 4 282 0 0 0 0 7104
20120604 17:32:31 8 0 4 0 0 1 3 83 17 2859 4010 0 210 0 0.00 0.02 0.05 0 0 7645720 434332 7211388 0 17472 106644 22388 17520 190656 505568 0 0 0 0 0 0 12 0 0 56392 0 4 292 0 0 0 0 7152
20120604 17:32:36 8 0 4 0 0 1 4 83 17 2864 4372 0 210 0 0.00 0.02 0.05 0 0 7645720 434828 7210892 0 17472 106644 22388 17520 191576 504592 0 0 0 0 0 0 12 0 0 56392 0 0 310 0 0 0 0 7152
20120604 17:32:41 8 0 4 0 0 1 3 84 16 2876 4216 0 210 0 0.00 0.02 0.05 0 0 7645720 436928 7208792 0 17472 106660 22376 17520 193564 510916 0 0 0 0 0 0 32 0 0 56392 0 0 340 0 0 0 0 7144
20120604 17:32:46 8 0 4 0 0 1 3 84 16 2978 4373 0 210 0 0.00 0.02 0.05 0 0 7645720 437100 7208620 0 17480 106652 22428 17520 193596 506948 0 0 0 0 0 0 32 0 0 56404 0 3 249 0 0 0 0 7176
20120604 17:32:51 8 0 4 0 0 1 3 84 16 2799 4000 0 210 0 0.00 0.02 0.05 0 0 7645720 439904 7205816 0 17480 106660 22380 17520 196404 512124 0 0 0 0 0 0 32 0 0 56408 0 0 265 0 0 0 0 7144
20120604 17:32:56 7 0 5 0 0 1 3 85 15 2839 3780 0 210 0 0.00 0.02 0.05 0 0 7645720 441656 7204064 0 17480 106660 22400 17520 198352 516500 0 0 0 0 0 0 32 0 0 56412 0 0 295 0 0 0 0 7160
20120604 17:33:01 9 0 4 0 0 1 3 83 17 2914 4043 0 210 0 0.00 0.02 0.05 0 0 7645720 443500 7202220 0 17480 106660 22384 17520 199532 515988 0 0 0 0 0 0 16 0 0 56412 0 3 193 0 0 0 0 7148
20120604 17:33:06 8 0 4 0 0 1 3 84 16 3040 4384 0 210 0 0.00 0.02 0.05 0 0 7645720 445104 7200616 0 17480 106660 22360 17520 201648 519728 0 0 0 0 0 0 16 0 0 56412 0 0 303 0 0 0 0 7124
20120604 17:33:11 9 0 4 0 0 1 3 84 16 2833 4061 0 210 0 0.00 0.02 0.05 0 0 7645720 446592 7199128 0 17480 106660 22376 17520 203328 519728 0 0 0 0 0 0 16 0 0 56412 0 0 328 0 0 0 0 7136
20120604 17:33:16 7 0 4 0 0 1 2 86 14 2758 3763 0 210 0 0.00 0.02 0.05 0 0 7645720 447584 7198136 0 17480 106660 22376 17520 203992 518632 0 0 0 0 0 0 0 0 0 56412 0 3 213 0 0 0 0 7136
20120604 17:33:21 8 0 4 0 0 1 3 84 16 2845 4120 0 210 0 0.00 0.02 0.05 0 0 7645720 449328 7196392 0 17488 106660 22384 17520 205764 519216 0 0 0 0 0 0 12 0 0 56420 0 4 242 0 0 0 0 7144
20120604 17:33:26 7 0 4 0 0 1 3 85 15 3017 3939 0 210 0 0.00 0.02 0.05 0 0 7645720 450940 7194780 0 17488 106660 22384 17520 207388 521912 0 0 0 0 0 0 12 0 0 56420 0 0 288 0 0 0 0 7144
20120604 17:33:31 13 0 7 0 0 1 5 73 27 3573 4494 0 210 0 0.00 0.02 0.05 0 0 7645720 455436 7190284 0 17488 106660 22416 17520 211832 530544 0 0 0 0 0 0 12 0 0 56420 0 0 421 0 0 0 0 7176
20120604 17:33:36 8 0 4 0 0 1 3 85 15 2755 3866 0 210 0 0.00 0.02 0.05 0 0 7645720 456396 7189324 0 17488 106660 22384 17520 212944 530616 0 0 0 0 0 0 12 0 0 56420 0 0 292 0 0 0 0 7144
20120604 17:33:41 17 0 9 0 0 2 8 64 36 4677 6927 0 210 0 0.00 0.02 0.05 0 0 7645720 461016 7184704 0 17488 106676 22416 17520 217688 538200 0 0 0 0 0 0 32 0 0 56420 0 0 507 0 0 0 0 7176
20120604 17:33:46 8 0 4 0 0 1 3 84 16 2988 4046 0 210 0 0.00 0.02 0.05 0 0 7645720 462504 7183216 0 17496 106668 22416 17520 218828 537616 0 0 0 0 0 0 32 0 0 56420 0 3 253 0 0 0 0 7176
20120604 17:33:51 19 0 10 0 0 2 7 62 38 5772 8179 0 210 0 0.00 0.01 0.05 0 0 7645720 465628 7180092 0 17496 106676 22440 17520 222136 539052 0 0 0 0 0 0 16 0 0 56440 0 2 589 0 0 0 0 7200
20120604 17:33:56 8 0 4 0 0 0 3 85 15 2640 3729 0 210 0 0.00 0.01 0.05 0 0 7645720 467192 7178528 0 17496 106676 22396 17520 223584 535720 0 0 0 0 0 0 16 0 0 56440 0 0 257 0 0 0 0 7156
20120604 17:34:01 19 0 10 0 0 2 7 63 37 5350 7259 0 210 0 0.00 0.01 0.05 0 0 7645720 470952 7174768 0 17496 106676 22428 17520 227136 547060 0 0 0 0 0 0 16 0 0 56440 0 0 491 0 0 0 0 7188
20120604 17:34:06 8 0 4 0 0 1 2 86 14 2781 3624 0 210 0 0.00 0.01 0.05 0 0 7645720 471928 7173792 0 17496 106676 22412 17520 228236 546084 0 0 0 0 0 0 16 0 0 56440 0 0 310 0 0 0 0 7172
20120604 17:34:11 19 0 10 0 0 2 8 61 39 5938 7839 0 210 0 0.00 0.01 0.05 0 0 7645720 475416 7170304 0 17496 106676 22428 17520 231380 554540 0 0 0 0 0 0 16 0 0 56440 0 0 580 0 0 0 0 7188
20120604 17:34:16 8 0 4 0 0 1 2 85 15 2941 3827 0 210 0 0.00 0.01 0.05 0 0 7645720 475748 7169972 0 17496 106676 22388 17520 232240 554540 0 0 0 0 0 0 0 0 0 56440 0 3 310 0 0 0 0 7148
20120604 17:34:21 20 0 10 0 0 2 9 59 41 5483 7995 0 210 0 0.00 0.01 0.05 0 0 7645720 481096 7164624 0 17504 106676 22404 17520 237380 554416 0 0 0 0 0 0 12 0 0 56448 0 4 498 0 0 0 0 7164
20120604 17:34:26 8 0 5 0 0 1 3 83 17 3141 4242 0 210 0 0.00 0.01 0.05 0 0 7645720 481576 7164144 0 17504 106676 22388 17520 238428 554024 0 0 0 0 0 0 12 0 0 56448 0 0 321 0 0 0 0 7148
20120604 17:34:31 21 0 12 0 0 2 8 58 42 5716 8069 0 210 0 0.00 0.01 0.05 0 0 7645720 487296 7158424 0 17504 106676 22404 17520 243700 560972 0 0 0 0 0 0 12 0 0 56448 0 0 678 0 0 0 0 7164
20120604 17:34:36 12 0 7 0 0 1 4 75 25 4245 5815 0 210 0 0.00 0.01 0.05 0 0 7645720 489116 7156604 0 17504 106676 22380 17520 245992 568020 0 0 0 0 0 0 12 0 0 56448 0 0 481 0 0 0 0 7140
20120604 17:34:41 28 0 14 0 0 4 10 44 56 7059 10305 0 210 0 0.00 0.01 0.05 0 0 7645720 494580 7151140 0 17504 106692 22372 17520 250944 570876 0 0 0 0 0 0 32 0 0 56460 0 0 752 0 0 0 0 7132
20120604 17:34:46 13 0 6 0 0 1 5 75 25 4416 6621 0 210 0 0.00 0.01 0.05 0 0 7645720 494588 7151132 0 17512 106684 22396 17520 251428 571300 0 0 0 0 0 0 32 0 0 56460 0 3 464 0 0 0 0 7156
20120604 17:34:51 27 0 15 0 0 3 11 45 55 7044 9720 0 210 1 0.00 0.01 0.05 0 0 7645720 501028 7144692 0 17512 106692 22380 17520 257200 575488 0 0 0 0 0 0 16 0 0 56468 0 2 658 0 0 0 0 7140
20120604 17:34:56 12 0 7 0 0 1 5 74 26 4313 6458 0 210 0 0.00 0.01 0.05 0 0 7645720 501788 7143932 0 17512 106692 22404 17520 258496 581540 0 0 0 0 0 0 16 0 0 56468 0 0 382 0 0 0 0 7168
20120604 17:35:01 30 0 15 0 0 2 11 41 59 7334 10646 0 210 0 0.00 0.01 0.05 0 0 7645720 507756 7137964 0 17512 106692 22404 17520 263952 581148 0 0 0 0 0 0 16 0 0 56468 0 0 642 0 0 0 0 7156
20120604 17:35:06 13 0 7 0 0 1 5 74 26 4308 6009 0 210 0 0.00 0.01 0.05 0 0 7645720 506996 7138724 0 17512 106692 22388 17520 263364 584404 0 0 0 0 0 0 16 0 0 56468 0 0 529 0 0 0 0 7140
20120604 17:35:11 27 0 15 0 0 3 12 44 56 7087 9703 0 210 0 0.00 0.01 0.05 0 0 7645720 514320 7131400 0 17512 106692 22396 17520 270596 588524 0 0 0 0 0 0 16 0 0 56468 0 0 699 0 0 0 0 7156
20120604 17:35:16 17 0 8 0 0 1 7 67 33 4453 6919 0 210 0 0.00 0.01 0.05 0 0 7645720 516544 7129176 0 17512 106692 22388 17520 273260 597360 0 0 0 0 0 0 0 0 0 56468 0 3 566 0 0 0 0 7148
20120604 17:35:21 28 0 15 0 0 2 10 45 55 7255 10275 0 210 0 0.00 0.01 0.05 0 0 7645720 521512 7124208 0 17520 106684 22396 17520 278204 597092 0 0 0 0 0 0 0 0 0 56468 0 4 735 0 0 0 0 7156
20120604 17:35:26 21 0 10 0 0 2 7 61 39 5528 7580 0 210 3 0.00 0.01 0.05 3 0 7645720 524048 7121672 0 17520 106692 22428 17520 280780 595464 0 0 0 0 0 0 12 0 0 56476 0 0 689 0 0 0 0 7188
20120604 17:35:31 34 0 16 0 0 3 14 32 68 8360 12150 0 210 1 0.00 0.01 0.05 1 0 7645720 531876 7113844 0 17520 106692 22468 17520 288564 611368 0 0 0 0 0 0 12 0 0 56476 0 0 833 0 0 0 0 7228
20120604 17:35:36 20 0 11 0 0 2 8 59 41 5840 8348 0 210 1 0.00 0.01 0.05 1 0 7645720 534060 7111660 0 17520 106692 22420 17520 290356 608524 0 0 0 0 0 0 12 0 0 56476 0 0 496 0 0 0 0 7180
20120604 17:35:41 36 0 18 0 0 3 15 27 73 8416 12204 0 210 1 0.00 0.01 0.05 1 0 7645720 541896 7103824 0 17520 106712 22440 17520 298592 624940 0 0 0 0 0 0 36 0 0 56492 0 0 754 0 0 0 0 7204
20120604 17:35:46 22 0 12 0 0 2 9 55 45 6314 8765 0 210 2 0.00 0.01 0.05 2 0 7645720 542616 7103104 0 17528 106704 22416 17520 298696 618248 0 0 0 0 0 0 36 0 0 56492 0 3 423 0 0 0 0 7180
20120604 17:35:51 34 0 16 0 0 3 14 33 67 7870 10425 0 210 2 0.00 0.01 0.05 2 0 7645720 550104 7095616 0 17528 106712 22468 17520 306240 624960 0 0 0 0 0 0 20 0 0 56500 0 2 682 0 0 0 0 7228
20120604 17:35:56 25 0 14 0 0 3 11 47 53 6796 9707 0 210 3 0.00 0.01 0.05 3 0 7645720 553644 7092076 0 17528 106712 22416 17520 310024 629756 0 0 0 0 0 0 20 0 0 56500 0 0 659 0 0 0 0 7176
20120604 17:36:01 21 0 10 0 0 2 8 59 41 5110 6898 0 210 0 0.00 0.01 0.05 0 0 7645720 553876 7091844 0 17528 106712 22396 17520 309600 631848 0 0 0 0 0 0 20 0 0 56500 0 0 525 0 0 0 0 7160
20120604 17:36:06 10 0 10 0 0 1 1 79 21 3767 4828 0 210 0 0.00 0.01 0.05 0 0 7645720 562936 7082784 0 17528 106712 22396 17520 319376 646960 0 0 0 0 0 0 20 0 0 56500 0 0 526 0 0 0 0 7160
20120604 17:36:11 9 0 13 0 0 0 1 76 24 3420 4341 0 210 0 0.00 0.01 0.05 0 0 7645720 574824 7070896 0 17528 106712 22388 17520 331316 656848 0 0 0 0 0 0 20 0 0 56500 0 0 657 0 0 0 0 7156
20120604 17:36:16 10 0 12 0 0 0 1 76 24 3917 5054 0 210 0 0.00 0.01 0.05 0 0 7645720 591796 7053924 0 17528 106712 22372 17520 348000 675296 0 0 0 0 0 0 0 0 0 56500 0 4 902 0 0 0 0 7140
20120604 17:36:21 11 0 14 0 0 0 1 74 26 3650 4309 0 210 0 0.00 0.01 0.05 0 0 7645720 604940 7040780 0 17536 106704 22368 17520 361096 688816 0 0 0 0 0 0 0 0 0 56500 0 4 704 0 0 0 0 7140
20120604 17:36:26 11 0 13 0 0 1 1 75 25 4165 5088 0 210 0 0.00 0.01 0.05 0 0 7645720 622424 7023296 0 17536 106712 22368 17520 378592 706748 0 0 0 0 0 0 12 0 0 56508 0 0 926 0 0 0 0 7140
20120604 17:36:31 12 0 14 0 0 0 1 72 28 3784 4523 0 210 1 0.00 0.01 0.05 1 0 7645720 635080 7010640 0 17536 106712 22380 17520 391168 721648 0 0 0 0 0 0 12 0 0 56508 0 0 655 0 0 0 0 7140
20120604 17:36:36 11 0 13 0 0 0 2 73 27 3729 4814 0 210 0 0.00 0.01 0.05 0 0 7645720 651960 6993760 0 17536 106712 22396 17520 407952 732068 0 0 0 0 0 0 12 0 0 56508 0 0 863 0 0 0 0 7156
20120604 17:36:41 11 0 14 0 0 0 0 74 26 3981 4403 0 210 1 0.00 0.01 0.05 1 0 7645720 664716 6981004 0 17536 106728 22376 17520 420648 749432 0 0 0 0 0 0 32 0 0 56508 0 0 695 0 0 0 0 7140
20120604 17:36:46 12 0 15 0 0 1 1 72 28 4366 5450 0 210 0 0.00 0.01 0.05 0 0 7645720 681828 6963892 0 17544 106720 22376 17520 437644 768232 0 0 0 0 0 0 32 0 0 56508 0 3 871 0 0 0 0 7140
20120604 17:36:51 12 0 16 0 0 0 1 72 28 3904 4773 0 210 1 0.00 0.01 0.05 1 0 7645720 694724 6950996 0 17544 106728 22380 17520 450684 773920 0 0 0 0 0 0 28 0 0 56528 0 2 659 0 0 0 0 7140
20120604 17:36:56 11 0 15 0 0 0 2 71 29 4347 5395 0 210 0 0.00 0.01 0.05 0 0 7645720 712208 6933512 0 17544 106728 22380 17520 467904 796864 0 0 0 0 0 0 16 0 0 56528 0 0 884 0 0 0 0 7140
20120604 17:37:01 12 0 14 0 0 0 2 72 28 3679 4521 0 210 0 0.00 0.01 0.05 0 0 7645720 725600 6920120 0 17544 106728 22380 17520 481304 813252 0 0 0 0 0 0 16 0 0 56528 0 0 690 0 0 0 0 7144
20120604 17:37:06 11 0 14 0 0 0 2 72 28 3949 5021 0 210 0 0.00 0.01 0.05 0 0 7645720 742704 6903016 0 17544 106728 22368 17520 498568 825956 0 0 0 0 0 0 16 0 0 56528 0 0 900 0 0 0 0 7132
20120604 17:37:11 11 0 17 0 0 0 1 71 29 3809 4667 0 210 0 0.00 0.01 0.05 0 0 7645720 755592 6890128 0 17544 106728 22364 17520 511288 830668 0 0 0 0 0 0 16 0 0 56528 0 3 660 0 0 0 0 7132
20120604 17:37:16 13 0 14 0 0 0 2 71 29 4221 5234 0 210 0 0.00 0.01 0.05 0 0 7645720 772704 6873016 0 17544 106728 22364 17520 528452 858732 0 0 0 0 0 0 0 0 0 56528 0 0 877 0 0 0 0 7132
20120604 17:37:21 11 0 15 0 0 0 1 73 27 3977 4717 0 210 0 0.00 0.01 0.05 0 0 7645720 785724 6859996 0 17552 106728 22360 17520 541312 868564 0 0 0 0 0 0 12 0 0 56528 0 4 662 0 0 0 0 7132
20120604 17:37:26 13 0 16 0 0 0 2 70 30 4417 5328 0 210 1 0.00 0.01 0.05 1 0 7645720 802984 6842736 0 17552 106728 22384 17520 558488 892460 0 0 0 0 0 0 12 0 0 56528 0 0 877 0 0 0 0 7156
20120604 17:37:31 12 0 16 0 0 0 1 71 29 3978 4752 0 210 0 0.00 0.01 0.05 0 0 7645720 815144 6830576 0 17552 106728 22396 17520 570744 900752 0 0 0 0 0 0 12 0 0 56536 0 0 672 0 0 0 0 7156
20120604 17:37:36 12 0 15 0 0 1 2 71 29 4702 5569 0 210 0 0.00 0.01 0.05 0 0 7645720 832256 6813464 0 17552 106728 22396 17520 587648 920012 0 0 0 0 0 0 12 0 0 56536 0 0 886 0 0 0 0 7156
20120604 17:37:41 12 0 13 0 0 0 1 74 26 3930 4553 0 198 0 0.00 0.01 0.05 0 0 7645720 711244 6934476 0 17560 106712 22320 17504 467556 744508 0 0 0 0 0 0 56 0 0 56516 0 5 593 0 0 0 0 7092
20120604 17:37:46 6 0 8 0 0 0 1 86 14 4404 4730 0 198 1 0.00 0.01 0.05 1 0 7645720 710252 6935468 0 17568 106712 22320 17504 467008 743532 0 0 0 0 0 0 68 0 0 56528 0 13 31 0 0 0 0 7092
20120604 17:37:51 5 0 9 0 0 0 1 85 15 4154 4414 0 198 0 0.00 0.01 0.05 0 0 7645720 708144 6937576 0 17568 106712 22320 17504 464616 740200 0 0 0 0 0 0 20 0 0 56536 0 10 54 0 0 0 0 7092
20120604 17:37:56 5 0 6 0 0 0 1 88 12 3157 3457 0 198 1 0.00 0.01 0.05 1 0 7645720 704176 6941544 0 17568 106712 22320 17504 460948 735668 0 0 0 0 0 0 20 0 0 56536 0 0 80 0 0 0 0 7092
20120604 17:38:01 5 0 7 0 0 0 0 87 13 3601 3857 0 198 0 0.00 0.01 0.05 0 0 7645720 691776 6953944 0 17568 106712 22320 17504 448288 719796 0 0 0 0 0 0 20 0 0 56536 0 0 26 0 0 0 0 7092
20120604 17:38:06 5 0 6 0 0 0 0 89 11 2938 3219 0 198 1 0.00 0.01 0.05 1 0 7645720 691900 6953820 0 17568 106712 22320 17504 449444 719796 0 0 0 0 0 0 20 0 0 56536 0 0 63 0 0 0 0 7092
20120604 17:38:11 5 0 5 0 0 0 1 90 10 2578 2776 0 200 0 0.00 0.01 0.05 0 0 7645720 694396 6951324 0 17568 106712 22320 17504 451356 728228 0 0 0 0 0 0 20 0 0 56536 0 0 271 0 0 0 0 7092
20120604 17:38:16 3 0 2 0 0 0 0 95 5 556 606 12 188 1 0.00 0.01 0.05 0 0 7645720 361620 7284100 0 17568 105984 22140 17356 120104 346652 0 0 0 0 0 0 8 0 0 55948 0 4 5516 0 0 0 0 6940
20120604 17:38:21 0 0 0 0 0 0 0 100 0 28 29 0 188 0 0.00 0.01 0.05 0 0 7645720 361620 7284100 0 17580 105984 22140 17356 120104 346652 0 0 0 0 0 0 96 0 0 55956 0 23 76 0 0 0 0 6940
20120604 17:38:26 0 0 0 0 0 0 0 100 0 12 15 0 188 0 0.00 0.01 0.05 0 0 7645720 361620 7284100 0 17580 105984 22140 17356 120104 346652 0 0 0 0 0 0 96 0 0 55956 0 0 5 0 0 0 0 6940
20120604 17:38:31 0 0 0 0 0 0 0 100 0 16 14 0 188 0 0.00 0.01 0.05 0 0 7645720 361620 7284100 0 17580 105984 22140 17356 120104 346652 0 0 0 0 0 0 96 0 0 55956 0 0 0 0 0 0 0 6940
20120604 17:38:36 0 0 0 0 0 0 0 100 0 12 14 0 188 0 0.00 0.01 0.05 0 0 7645720 361620 7284100 0 17580 105984 22140 17356 120104 346652 0 0 0 0 0 0 96 0 0 55956 0 0 5 0 0 0 0 6940
20120604 17:38:41 0 0 0 0 0 0 0 100 0 24 23 0 188 0 0.00 0.01 0.05 0 0 7645720 361620 7284100 0 17580 105984 22140 17356 120108 346652 0 0 0 0 0 0 96 0 0 55956 0 0 0 0 0 0 0 6940
20120604 17:38:46 0 0 1 0 0 0 0 99 1 84 71 5 188 0 0.00 0.01 0.05 0 0 7645720 361676 7284044 0 17588 105992 22140 17364 120260 346652 0 0 0 0 0 0 116 0 0 55924 0 3 1676 0 0 0 0 6940
20120604 17:38:51 0 0 0 3 0 0 0 97 0 100 120 0 189 0 0.00 0.01 0.05 0 0 7645720 366340 7279380 0 17896 109228 22140 18992 121872 348836 0 0 0 0 0 0 116 0 0 59372 706 0 287 5 0 0 0 6940
20120604 17:38:56 0 0 0 0 0 0 0 100 0 38 40 0 188 0 0.00 0.01 0.05 0 0 7645720 364960 7280760 0 17912 109352 22128 17364 120120 346648 0 0 0 0 0 0 52 0 0 59520 26 62 16 0 0 0 0 6928
20120604 17:39:01 0 0 0 0 0 0 0 100 0 18 15 0 188 0 0.00 0.01 0.05 0 0 7645720 365084 7280636 0 17920 109352 22128 17364 120124 346648 0 0 0 0 0 0 68 0 0 59520 0 10 0 0 0 0 0 6928
20120604 17:39:06 0 0 0 0 0 0 0 100 0 12 14 0 188 0 0.00 0.01 0.05 0 0 7645720 365084 7280636 0 17920 109352 22124 17364 120132 346648 0 0 0 0 0 0 68 0 0 59524 0 0 5 0 0 0 0 6924
20120604 17:39:11 0 0 0 0 0 0 0 100 0 16 15 0 188 0 0.00 0.01 0.05 0 0 7645720 365084 7280636 0 17920 109352 22124 17364 120132 346648 0 0 0 0 0 0 68 0 0 59524 0 0 0 0 0 0 0 6924
20120604 17:39:16 0 0 0 0 0 0 0 100 0 12 13 0 188 0 0.00 0.01 0.05 0 0 7645720 365084 7280636 0 17920 109352 22124 17364 120132 346648 0 0 0 0 0 0 52 0 0 59528 0 3 5 0 0 0 0 6924
20120604 17:39:21 0 0 0 0 0 0 0 100 0 16 15 0 188 0 0.00 0.01 0.05 0 0 7645720 365084 7280636 0 17928 109352 22124 17364 120132 346648 0 0 0 0 0 0 60 0 0 59528 0 4 0 0 0 0 0 6924
20120604 17:39:26 0 0 0 0 0 0 0 100 0 12 15 0 188 0 0.00 0.01 0.05 0 0 7645720 365332 7280388 0 17928 109352 22132 17364 120132 346648 0 0 0 0 0 0 60 0 0 59528 0 0 5 0 0 0 0 6928
20120604 17:39:31 0 0 0 0 0 0 0 100 0 17 15 0 188 0 0.00 0.01 0.05 0 0 7645720 365332 7280388 0 17928 109352 22124 17364 120136 346648 0 0 0 0 0 0 0 0 0 59536 0 10 0 0 0 0 0 6924
20120604 17:39:36 0 0 0 0 0 0 0 100 0 12 14 0 188 0 0.00 0.01 0.05 0 0 7645720 365332 7280388 0 17936 109352 22124 17364 120136 346648 0 0 0 0 0 0 12 0 0 59536 0 4 5 0 0 0 0 6924
20120604 17:39:41 0 0 0 0 0 0 0 100 0 56 57 0 188 1 0.00 0.01 0.05 0 0 7645720 365332 7280388 0 17960 109352 22124 17364 120152 346648 0 0 0 0 0 0 72 0 0 59564 0 28 1 0 0 0 0 6924
20120604 17:39:46 4 0 2 0 0 0 2 92 8 276 194 14 199 2 0.00 0.01 0.05 2 0 7645720 378992 7266728 0 17968 109372 22272 17616 133408 378332 0 0 0 0 0 0 104 0 0 59588 0 10 7263 0 0 0 0 7040
20120604 17:39:51 32 0 4 0 0 0 12 52 48 414 173 4 195 0 0.16 0.05 0.06 0 0 7645720 374116 7271604 0 17976 110060 22208 17380 128016 390856 0 0 0 0 0 0 840 0 0 60236 0 17 13357 0 0 0 0 6944
20120604 17:39:56 1 0 1 0 0 0 0 98 2 127 103 6 198 0 0.15 0.05 0.06 0 0 7645720 375560 7270160 0 17984 110064 22308 17388 129060 396256 0 0 0 0 0 0 856 0 0 60244 0 9 3227 0 0 0 0 7008
20120604 17:40:01 4 0 2 0 0 0 1 93 7 399 312 10 209 0 0.14 0.05 0.06 0 0 7645720 396512 7249208 0 18048 110120 22408 17392 149120 454200 0 0 0 0 0 0 928 0 0 60180 0 82 5198 0 0 0 0 7112
20120604 17:40:06 0 0 0 0 0 0 0 100 0 28 29 0 209 0 0.13 0.04 0.05 0 0 7645720 396520 7249200 0 18056 110136 22420 17392 149120 454200 0 0 0 0 0 0 796 0 0 60196 0 41 5 0 0 0 0 7120
20120604 17:40:11 0 0 0 0 0 0 0 100 0 24 24 0 209 1 0.12 0.04 0.05 1 0 7645720 396528 7249192 0 18056 110136 22432 17392 149124 454200 0 0 0 0 0 0 780 0 0 60200 0 3 0 0 0 0 0 7120
20120604 17:40:16 0 0 0 0 0 0 0 100 0 19 21 0 209 0 0.11 0.04 0.05 0 0 7645720 396520 7249200 0 18064 110136 22428 17392 149124 454200 0 0 0 0 0 0 780 0 0 60204 0 9 5 0 0 0 0 7120
20120604 17:40:21 0 0 0 0 0 0 0 100 0 25 23 0 209 0 0.10 0.04 0.05 0 0 7645720 396512 7249208 0 18064 110136 22420 17392 149124 454200 0 0 0 0 0 0 484 0 0 60208 0 59 0 0 0 0 0 7112
20120604 17:40:26 0 0 0 0 0 0 0 100 0 25 23 0 209 0 0.09 0.04 0.05 0 0 7645720 396520 7249200 0 18072 110136 22428 17392 149124 454200 0 0 0 0 0 0 104 0 0 60212 0 86 5 0 0 0 0 7120
20120604 17:40:31 0 0 0 0 0 0 0 100 0 25 26 0 209 0 0.08 0.04 0.05 0 0 7645720 396520 7249200 0 18080 110136 22428 17392 149124 454200 0 0 0 0 0 0 104 0 0 60216 0 6 1 0 0 0 0 7120
20120604 17:40:36 0 0 0 0 0 0 0 100 0 19 19 0 209 0 0.08 0.04 0.05 0 0 7645720 396520 7249200 0 18080 110136 22428 17392 149128 454200 0 0 0 0 0 0 72 0 0 60216 0 6 5 0 0 0 0 7120
20120604 17:40:41 0 0 0 0 0 0 0 100 0 27 26 0 209 0 0.07 0.04 0.05 0 0 7645720 396520 7249200 0 18088 110136 22428 17392 149128 454200 0 0 0 0 0 0 16 0 0 60224 0 16 0 0 0 0 0 7120
20120604 17:40:46 0 0 0 0 0 0 0 100 0 21 23 0 209 0 0.06 0.04 0.05 0 0 7645720 396520 7249200 0 18096 110144 22428 17392 149132 454200 0 0 0 0 0 0 36 0 0 60224 0 3 5 0 0 0 0 7120
20120604 17:40:51 0 0 0 0 0 0 0 99 1 67 63 0 209 0 0.06 0.04 0.05 0 0 7645720 396908 7248812 0 18096 110152 22428 17372 149144 454240 0 0 0 0 0 0 36 0 0 60248 0 0 193 0 0 0 0 7116
20120604 17:40:56 0 0 0 0 0 0 0 100 0 19 21 0 209 0 0.05 0.04 0.05 0 0 7645720 396892 7248828 0 18096 110152 22448 17392 149136 454240 0 0 0 0 0 0 36 0 0 60184 0 0 5 0 0 0 0 7140
20120604 17:41:01 0 0 0 0 0 0 0 100 0 27 25 0 209 0 0.05 0.04 0.05 0 0 7645720 396892 7248828 0 18096 110152 22452 17392 149136 454240 0 0 0 0 0 0 36 0 0 60184 0 0 0 0 0 0 0 7140
20120604 17:41:06 0 0 0 0 0 0 0 100 0 19 20 0 209 0 0.05 0.04 0.05 0 0 7645720 396892 7248828 0 18096 110152 22452 17392 149136 454240 0 0 0 0 0 0 36 0 0 60184 0 0 5 0 0 0 0 7140
20120604 17:41:11 0 0 0 0 0 0 0 100 0 85 110 0 197 0 0.04 0.04 0.05 0 0 7645720 379188 7266532 0 18104 110120 22420 17400 132472 395676 0 0 0 0 0 0 40 0 0 60168 0 10 190 0 0 0 0 7112
20120604 17:41:16 0 0 0 0 0 0 0 100 0 19 21 0 197 0 0.04 0.04 0.05 0 0 7645720 379180 7266540 0 18112 110124 22388 17384 132540 395676 0 0 0 0 0 0 64 0 0 60172 0 16 7 0 0 0 0 7084
20120604 17:41:21 1 0 1 0 0 0 0 98 2 152 119 6 188 0 0.04 0.04 0.05 0 0 7645720 366280 7279440 0 18112 110124 22236 17364 120228 346656 0 0 0 0 0 0 64 0 0 60172 0 0 3408 0 0 0 0 6968
20120604 17:41:26 0 0 0 0 0 0 0 100 0 63 65 0 188 0 0.03 0.04 0.05 0 0 7645720 366528 7279192 0 18120 110124 22232 17364 120228 346652 0 0 0 0 0 0 64 0 0 60172 0 3 195 0 0 0 0 6964
20120604 17:41:31 0 0 0 0 0 0 0 100 0 21 21 0 188 0 0.03 0.04 0.05 0 0 7645720 366528 7279192 0 18120 110124 22232 17364 120228 346652 0 0 0 0 0 0 64 0 0 60172 0 0 0 0 0 0 0 6964
20120604 17:41:36 0 0 0 0 0 0 0 100 0 64 93 0 188 0 0.03 0.04 0.05 0 0 7645720 366528 7279192 0 18120 110124 22232 17364 120228 346652 0 0 0 0 0 0 64 0 0 60172 0 0 5 0 0 0 0 6964
20120604 17:41:41 0 0 0 0 0 0 0 100 0 23 22 0 188 0 0.03 0.04 0.05 0 0 7645720 366528 7279192 0 18120 110124 22232 17364 120232 346652 0 0 0 0 0 0 64 0 0 60172 0 0 0 0 0 0 0 6964
20120604 17:41:46 0 0 0 0 0 0 0 100 0 21 21 0 188 0 0.02 0.03 0.05 0 0 7645720 366528 7279192 0 18128 110132 22232 17364 120232 346652 0 0 0 0 0 0 20 0 0 60184 0 18 5 0 0 0 0 6964
20120604 17:41:51 0 0 0 0 0 0 0 100 0 22 21 0 188 0 0.02 0.03 0.05 0 0 7645720 366528 7279192 0 18128 110140 22232 17364 120232 346652 0 0 0 0 0 0 48 0 0 60188 0 0 0 0 0 0 0 6964
20120604 17:41:56 0 0 0 0 0 0 0 100 0 20 21 0 188 0 0.02 0.03 0.05 0 0 7645720 366528 7279192 0 18128 110140 22232 17364 120232 346652 0 0 0 0 0 0 48 0 0 60188 0 0 5 0 0 0 0 6964
20120604 17:42:01 19 0 4 0 0 0 7 70 30 448 258 14 199 1 0.02 0.03 0.05 1 0 7645720 434220 7211500 0 18128 109708 22352 17640 187788 434548 0 0 0 0 0 0 352 0 0 59984 0 0 15380 0 0 0 0 7052
20120604 17:42:06 13 0 1 0 0 0 5 80 20 221 97 4 196 0 0.10 0.05 0.05 0 0 7645720 374568 7271152 0 18140 110100 22296 17380 128672 391816 0 0 0 0 0 0 812 0 0 60344 0 22 4969 0 0 0 0 7016
20120604 17:42:11 1 0 1 0 0 0 0 98 2 168 126 7 197 1 0.09 0.05 0.05 1 0 7645720 374668 7271052 0 18148 110104 22276 17400 128732 394168 0 0 0 0 0 0 828 0 0 60352 0 10 3447 0 0 0 0 6996
20120604 17:42:16 3 0 2 0 0 0 1 94 6 294 277 10 209 1 0.16 0.06 0.06 0 0 7645720 396800 7248920 0 18212 110176 22452 17396 149108 452240 0 0 0 0 0 0 888 0 0 60284 0 86 4830 0 0 0 0 7152
20120604 17:42:21 0 0 0 0 0 0 0 100 0 23 22 0 209 0 0.15 0.06 0.05 0 0 7645720 396792 7248928 0 18220 110176 22444 17396 149108 452240 0 0 0 0 0 0 772 0 0 60304 0 35 0 0 0 0 0 7152
20120604 17:42:26 0 0 0 0 0 0 0 100 0 16 19 0 209 0 0.14 0.06 0.05 0 0 7645720 396792 7248928 0 18220 110176 22444 17396 149116 452240 0 0 0 0 0 0 772 0 0 60304 0 0 5 0 0 0 0 7152
20120604 17:42:31 0 0 0 0 0 0 0 100 0 16 16 0 209 0 0.13 0.06 0.05 0 0 7645720 396792 7248928 0 18220 110176 22444 17396 149116 452240 0 0 0 0 0 0 772 0 0 60308 0 0 0 0 0 0 0 7152
20120604 17:42:36 0 0 0 0 0 0 0 100 0 28 19 0 209 0 0.12 0.06 0.05 0 0 7645720 396792 7248928 0 18220 110176 22448 17396 149116 452240 0 0 0 0 0 0 80 0 0 60308 0 138 5 0 0 0 0 7156
20120604 17:42:41 0 0 0 0 0 0 0 100 0 55 57 0 209 0 0.11 0.06 0.05 0 0 7645720 396792 7248928 0 18244 110192 22448 17396 149064 451728 0 0 0 0 0 0 172 0 0 60324 0 33 1 0 0 0 0 7156
20120604 17:42:46 0 0 0 0 0 0 0 100 0 24 26 0 209 0 0.10 0.06 0.05 0 0 7645720 396792 7248928 0 18252 110192 22448 17396 149064 451728 0 0 0 0 0 0 136 0 0 60352 0 18 5 0 0 0 0 7156
20120604 17:42:51 0 0 0 0 0 0 0 100 0 24 24 0 209 1 0.09 0.06 0.05 0 0 7645720 396792 7248928 0 18260 110188 22448 17396 149064 451728 0 0 0 0 0 0 136 0 0 60356 0 5 0 0 0 0 0 7156
20120604 17:42:56 0 0 0 0 0 0 0 100 0 26 24 0 209 0 0.08 0.06 0.05 0 0 7645720 396792 7248928 0 18260 110192 22448 17396 149064 451728 0 0 0 0 0 0 32 0 0 60360 0 21 5 0 0 0 0 7156
20120604 17:43:01 0 0 0 0 0 0 0 99 1 27 24 0 209 0 0.08 0.06 0.05 0 0 7645720 396792 7248928 0 18260 110192 22448 17396 149064 451728 0 0 0 0 0 0 32 0 0 60364 0 0 0 0 0 0 0 7156
20120604 17:43:06 1 0 1 0 0 0 0 98 2 384 364 0 209 1 0.07 0.05 0.05 0 0 7645720 397536 7248184 0 18260 110192 22452 17400 150420 453728 0 0 0 0 0 0 32 0 0 60364 0 0 76 0 0 0 0 7156
20120604 17:43:11 0 0 0 0 0 0 0 100 0 26 24 0 209 0 0.06 0.05 0.05 0 0 7645720 397544 7248176 0 18268 110192 22464 17400 150400 453728 0 0 0 0 0 0 24 0 0 60344 0 6 0 0 0 0 0 7156
20120604 17:43:16 2 0 1 0 0 0 1 95 5 841 1509 0 209 1 0.06 0.05 0.05 0 0 7645720 400156 7245564 0 18276 110192 22472 17400 152888 457676 0 0 0 0 0 0 28 0 0 60352 0 10 136 0 0 0 0 7164
20120604 17:43:21 0 0 0 0 0 0 0 100 0 88 78 0 197 1 0.05 0.05 0.05 0 0 7645720 382024 7263696 0 18284 110156 22372 17384 135124 398600 0 0 0 0 0 0 52 0 0 60340 0 5 188 0 0 0 0 7080
20120604 17:43:26 0 0 0 0 0 0 0 100 0 14 17 0 197 0 0.05 0.05 0.05 0 0 7645720 382024 7263696 0 18292 110156 22372 17384 135128 398600 0 0 0 0 0 0 60 0 0 60340 0 11 5 0 0 0 0 7080
20120604 17:43:31 0 0 0 0 0 0 0 100 0 39 38 0 199 0 0.05 0.05 0.05 0 0 7645720 382924 7262796 0 18292 110160 22388 17408 136176 402188 0 0 0 0 0 0 60 0 0 60344 0 0 256 0 0 0 0 7096
20120604 17:43:36 2 0 1 0 0 0 1 96 4 188 160 12 188 0 0.12 0.06 0.05 0 0 7645720 365784 7279936 0 18292 109428 22256 17364 120196 346144 0 0 0 0 0 0 68 0 0 59864 0 0 5355 0 0 0 0 7028
20120604 17:43:41 0 0 0 3 0 0 0 96 0 55 58 0 188 0 0.11 0.06 0.05 0 0 7645720 365784 7279936 0 18304 109428 22256 17364 120196 346144 0 0 0 0 0 0 4 0 0 59868 0 45 0 0 0 0 0 7028
20120604 17:43:46 19 0 3 0 0 0 8 70 30 312 154 3 196 1 0.10 0.06 0.05 1 0 7645720 387796 7257924 0 18312 109880 22252 17636 142024 380864 0 0 0 0 0 0 468 0 0 60280 0 11 11872 0 0 0 0 7028
20120604 17:43:51 9 0 1 0 0 0 3 87 13 129 55 0 188 0 0.10 0.06 0.05 0 0 7645720 366784 7278936 0 18312 110136 22252 17364 120196 346140 0 0 0 0 0 0 756 0 0 60536 0 0 1986 0 0 0 0 6980
20120604 17:43:56 0 0 0 0 0 0 0 100 0 18 19 0 190 0 0.09 0.06 0.05 0 0 7645720 367172 7278548 0 18320 110136 22256 17364 120936 349452 0 0 0 0 0 0 772 0 0 60536 0 10 205 0 0 0 0 6980
20120604 17:44:01 18 0 4 0 0 0 7 71 29 433 254 14 199 1 0.08 0.06 0.05 1 0 7645720 431004 7214716 0 18328 109744 22372 17640 184356 433012 0 0 0 0 0 0 396 0 0 60204 0 18 14941 0 0 0 0 7064
20120604 17:44:06 14 0 2 0 0 0 5 80 20 228 96 4 195 1 0.15 0.08 0.06 0 0 7645720 374660 7271060 0 18336 110132 22296 17380 128044 390344 0 0 0 0 0 0 800 0 0 60552 0 16 4986 0 0 0 0 7012
20120604 17:44:11 1 0 1 0 0 0 0 98 2 156 120 7 197 0 0.14 0.07 0.05 0 0 7645720 375352 7270368 0 18336 110140 22352 17388 128764 393652 0 0 0 0 0 0 804 0 0 60560 0 0 3613 0 0 0 0 7076
20120604 17:44:16 3 0 1 0 0 0 1 94 6 352 297 10 209 0 0.13 0.07 0.05 0 0 7645720 396520 7249200 0 18408 110204 22428 17396 148808 453264 0 0 0 0 0 0 868 0 0 60504 0 87 4817 0 0 0 0 7120
20120604 17:44:21 0 0 0 0 0 0 0 100 0 22 22 0 209 0 0.12 0.07 0.05 0 0 7645720 396636 7249084 0 18416 110212 22424 17396 148812 453264 0 0 0 0 0 0 772 0 0 60520 0 33 0 0 0 0 0 7120
20120604 17:44:26 1 0 1 0 0 0 0 99 1 222 230 0 209 0 0.11 0.07 0.05 0 0 7645720 396760 7248960 0 18416 110212 22424 17396 149540 454240 0 0 0 0 0 0 772 0 0 60520 0 0 47 0 0 0 0 7120
20120604 17:44:31 1 0 1 0 0 0 0 99 1 197 189 0 209 0 0.18 0.09 0.06 0 0 7645720 397504 7248216 0 18424 110204 22424 17400 150124 455216 0 0 0 0 0 0 772 0 0 60520 0 3 28 0 0 0 0 7120
20120604 17:44:36 2 0 1 0 0 0 1 95 5 923 1260 0 209 2 0.17 0.08 0.06 3 0 7645720 401132 7244588 0 18424 110212 22444 17400 153656 461116 0 0 0 0 0 0 80 0 0 60508 0 138 189 0 0 0 0 7140
20120604 17:44:41 5 0 3 0 0 0 2 90 10 2134 2862 0 209 1 0.15 0.08 0.06 0 0 7645720 402248 7243472 0 18432 110212 22452 17400 154752 461632 0 0 0 0 0 0 100 0 0 60480 0 8 59 0 0 0 0 7148
20120604 17:44:46 2 0 1 0 0 0 1 95 5 769 1176 0 209 3 0.14 0.08 0.06 4 0 7645720 402868 7242852 0 18440 110224 22452 17400 155288 464504 0 0 0 0 0 0 92 0 0 60496 0 13 38 0 0 0 0 7148
20120604 17:44:51 6 0 3 0 0 0 2 89 11 2326 3252 0 209 1 0.13 0.08 0.06 0 0 7645720 403860 7241860 0 18440 110232 22452 17400 156256 463068 0 0 0 0 0 0 88 0 0 60512 0 1 52 0 0 0 0 7148
20120604 17:44:56 3 0 1 0 0 0 1 95 5 788 1116 0 209 5 0.12 0.08 0.06 6 0 7645720 405356 7240364 0 18448 110232 22452 17400 157748 465992 0 0 0 0 0 0 32 0 0 60512 0 15 81 0 0 0 0 7148
20120604 17:45:01 5 0 3 0 0 0 2 90 10 1930 2371 0 209 0 0.11 0.08 0.06 0 0 7645720 405844 7239876 0 18448 110232 22452 17400 157936 465016 0 0 0 0 0 0 32 0 0 60520 0 0 67 0 0 0 0 7148
20120604 17:45:06 4 0 2 0 0 0 2 92 8 1275 1537 0 209 4 0.10 0.08 0.05 5 0 7645720 407728 7237992 0 18448 110232 22452 17400 159676 467888 0 0 0 0 0 0 32 0 0 60520 0 0 110 0 0 0 0 7148
20120604 17:45:11 5 0 3 0 0 0 2 90 10 2118 2598 0 209 1 0.09 0.07 0.05 1 0 7645720 408704 7237016 0 18448 110232 22468 17400 160740 466912 0 0 0 0 0 0 32 0 0 60520 0 0 74 0 0 0 0 7148
20120604 17:45:16 10 0 5 0 0 1 4 79 21 3922 5300 0 209 2 0.09 0.07 0.05 2 0 7645720 411416 7234304 0 18448 110232 22452 17400 163620 472656 0 0 0 0 0 0 12 0 0 60520 0 4 149 0 0 0 0 7132
20120604 17:45:21 5 0 3 0 0 1 2 89 11 2084 2948 0 209 0 0.08 0.07 0.05 0 0 7645720 412308 7233412 0 18456 110232 22472 17400 164324 471680 0 0 0 0 0 0 20 0 0 60520 0 4 52 0 0 0 0 7148
20120604 17:45:26 11 0 5 0 0 1 4 79 21 3490 4919 0 209 4 0.07 0.07 0.05 3 0 7645720 415812 7229908 0 18456 110232 22680 17400 167576 475988 0 0 0 0 0 0 20 0 0 60520 0 0 176 0 0 0 0 7264
20120604 17:45:31 5 0 2 0 0 1 2 90 10 2069 2847 0 209 0 0.07 0.07 0.05 0 0 7645720 416292 7229428 0 18456 110232 22488 17400 168300 477884 0 0 0 0 0 0 0 0 0 60528 0 4 58 0 0 0 0 7164
20120604 17:45:36 11 0 5 0 0 1 5 79 21 3754 4589 0 209 3 0.06 0.07 0.05 5 0 7645720 420228 7225492 0 18456 110232 22464 17400 172240 481676 0 0 0 0 0 0 0 0 0 60528 0 0 204 0 0 0 0 7148
20120604 17:45:41 5 0 3 0 0 0 1 91 9 2211 2359 0 209 0 0.06 0.07 0.05 0 0 7645720 421228 7224492 0 18480 110232 22468 17400 173160 482264 0 0 0 0 0 0 60 0 0 60556 0 28 91 0 0 0 0 7140
20120604 17:45:46 9 0 5 0 0 1 4 80 20 3479 3979 0 209 4 0.05 0.07 0.05 4 0 7645720 423932 7221788 0 18488 110248 22444 17400 175876 487152 0 0 0 0 0 0 80 0 0 60576 0 10 222 0 0 0 0 7124
20120604 17:45:51 5 0 3 0 0 0 2 89 11 2110 2449 0 209 0 0.05 0.07 0.05 0 0 7645720 423692 7222028 0 18488 110248 22452 17400 175956 484540 0 0 0 0 0 0 80 0 0 60576 0 0 81 0 0 0 0 7124
20120604 17:45:56 10 0 5 0 0 1 4 80 20 3599 4025 0 209 2 0.04 0.07 0.05 4 0 7645720 427048 7218672 0 18488 110248 22468 17400 179612 492276 0 0 0 0 0 0 80 0 0 60576 0 0 292 0 0 0 0 7148
20120604 17:46:01 9 0 4 0 0 1 3 82 18 3387 4255 0 209 0 0.04 0.06 0.05 0 0 7645720 429512 7216208 0 18488 110248 22452 17400 181872 494584 0 0 0 0 0 0 80 0 0 60576 0 0 353 0 0 0 0 7124
20120604 17:46:06 10 0 6 0 0 1 3 80 20 3835 4754 0 209 2 0.04 0.06 0.05 2 0 7645720 431760 7213960 0 18488 110248 22460 17400 184180 496532 0 0 0 0 0 0 80 0 0 60576 0 0 203 0 0 0 0 7140
20120604 17:46:11 14 0 7 0 0 1 5 73 27 4754 5424 0 209 1 0.03 0.06 0.05 0 0 7645720 433612 7212108 0 18488 110248 22452 17400 185472 499812 0 0 0 0 0 0 68 0 0 60576 0 2 294 0 0 0 0 7124
20120604 17:46:16 10 0 6 0 0 1 3 80 20 3625 4873 0 209 3 0.03 0.06 0.05 4 0 7645720 441912 7203808 0 18496 110248 22448 17400 194240 509796 0 0 0 0 0 0 20 0 0 60580 0 17 516 0 0 0 0 7124
20120604 17:46:21 18 0 8 0 0 2 8 64 36 5364 7430 0 209 1 0.03 0.06 0.05 0 0 7645720 439464 7206256 0 18500 110248 22480 17400 191376 503220 0 0 0 0 0 0 20 0 0 60588 0 1 667 0 0 0 0 7148
20120604 17:46:26 11 0 6 0 0 1 4 78 22 3541 5249 0 209 3 0.03 0.06 0.05 5 0 7645720 442788 7202932 0 18500 110248 22648 17400 194888 508680 0 0 0 0 0 0 20 0 0 60588 0 0 331 0 0 0 0 7224
20120604 17:46:31 14 0 7 0 0 1 5 72 28 4450 5792 0 209 1 0.02 0.06 0.05 0 0 7645720 443572 7202148 0 18500 110248 22480 17400 195564 510420 0 0 0 0 0 0 20 0 0 60588 0 0 335 0 0 0 0 7148
20120604 17:46:36 10 0 6 0 0 1 4 80 20 3654 4137 0 209 4 0.02 0.06 0.05 1 0 7645720 446004 7199716 0 18500 110248 22448 17400 198612 516012 0 0 0 0 0 0 20 0 0 60588 0 0 190 0 0 0 0 7124
20120604 17:46:41 22 0 13 0 0 2 8 55 45 6953 7798 0 209 0 0.02 0.06 0.05 0 0 7645720 452620 7193100 0 18500 110264 22616 17400 204844 517568 0 0 0 0 0 0 40 0 0 60600 0 0 577 0 0 0 0 7292
20120604 17:46:46 11 0 5 0 0 1 4 79 21 3642 5201 0 209 2 0.02 0.06 0.05 2 0 7645720 454088 7191632 0 18508 110256 22496 17400 206616 518520 0 0 0 0 0 0 20 0 0 60600 0 6 288 0 0 0 0 7172
20120604 17:46:51 24 0 13 0 0 2 11 49 51 6670 9635 0 209 0 0.02 0.05 0.05 0 0 7645720 460048 7185672 0 18508 110264 22476 17400 212348 523696 0 0 0 0 0 0 20 0 0 60608 0 0 565 0 0 0 0 7164
20120604 17:46:56 12 0 7 4 0 1 5 72 24 3714 5079 0 209 4 0.02 0.05 0.05 2 0 7645720 466048 7179672 0 18700 113268 22672 17400 214684 527176 0 0 0 0 0 0 20 0 0 61612 596 0 1137 0 0 0 0 7152
20120604 17:47:01 28 0 15 0 0 3 9 45 55 7126 9292 0 209 2 0.02 0.05 0.05 2 0 7645720 471056 7174664 0 18708 113260 22724 17400 219944 536916 0 0 0 0 0 0 20 0 0 61612 0 20 536 0 0 0 0 7192
20120604 17:47:06 27 0 15 0 0 2 10 46 54 7657 10603 0 210 2 0.01 0.05 0.05 3 0 7645720 487836 7157884 0 18708 113268 22744 17528 236232 553148 0 0 0 0 0 0 112 0 0 61620 0 0 1698 0 0 0 0 7212
20120604 17:47:11 29 0 15 0 0 2 11 43 57 7101 9957 0 210 3 0.01 0.05 0.05 3 0 7645720 487092 7158628 0 18708 113268 22764 17528 235756 549360 0 0 0 0 0 0 112 0 0 61620 0 0 480 0 0 0 0 7212
20120604 17:47:16 12 0 7 0 0 1 4 76 24 4401 6000 0 210 4 0.01 0.05 0.05 3 0 7645720 488216 7157504 0 18724 113260 22764 17528 236472 555812 0 0 0 0 0 0 144 0 0 61620 0 19 344 0 0 0 0 7188
20120604 17:47:21 30 0 16 0 0 3 12 39 61 6947 9878 0 210 1 0.01 0.05 0.05 1 0 7645720 493556 7152164 0 18732 113260 22788 17528 241624 565260 0 0 0 0 0 0 40 0 0 61628 0 27 734 0 0 0 0 7220
20120604 17:47:26 25 0 14 0 0 3 10 49 51 7683 10835 0 210 2 0.01 0.05 0.05 2 0 7645720 497284 7148436 0 18732 113260 22800 17528 245644 561832 0 0 0 0 0 0 40 0 0 61628 0 0 501 0 0 0 0 7232
20120604 17:47:31 34 0 17 0 0 2 14 33 67 7566 10703 0 210 3 0.01 0.05 0.05 3 0 7645720 502136 7143584 0 18732 113260 22812 17528 250732 572532 0 0 0 0 0 0 40 0 0 61628 0 0 817 0 0 0 0 7236
20120604 17:47:36 30 0 19 0 0 3 14 33 67 8077 10865 0 210 1 0.01 0.05 0.05 1 0 7645720 510856 7134864 0 18732 113260 22836 17528 258840 577908 0 0 0 0 0 0 40 0 0 61628 0 0 989 0 0 0 0 7260
20120604 17:47:41 35 0 17 0 0 3 14 31 69 7714 10825 0 210 4 0.17 0.08 0.06 4 0 7645720 515520 7130200 0 18732 113276 22800 17528 263888 581036 0 0 0 0 0 0 60 0 0 61628 0 0 597 0 0 0 0 7228
20120604 17:47:46 32 0 17 0 0 3 13 34 66 8668 11772 0 210 4 0.15 0.08 0.06 4 0 7645720 520256 7125464 0 18740 113268 22832 17528 268676 590096 0 0 0 0 0 0 60 0 0 61640 0 3 581 0 0 0 0 7260
20120604 17:47:51 37 0 19 0 0 3 14 27 73 8141 11002 0 210 3 0.30 0.11 0.07 3 0 7645720 523224 7122496 0 18740 113276 22780 17528 271712 591888 0 0 0 0 0 0 44 0 0 61648 0 3 871 0 0 0 0 7212
20120604 17:47:56 34 0 17 0 0 3 13 32 68 8349 11315 0 210 4 0.28 0.11 0.07 5 0 7645720 531068 7114652 0 18748 113276 22844 17528 279116 602232 0 0 0 0 0 0 28 0 0 61656 0 7 802 0 0 0 0 7276
20120604 17:48:01 36 0 17 0 0 3 13 32 68 8168 10929 0 210 2 0.26 0.10 0.06 3 0 7645720 536152 7109568 0 18748 113276 22856 17528 284572 608200 0 0 0 0 0 0 28 0 0 61656 0 0 720 0 0 0 0 7284
20120604 17:48:06 37 0 18 0 0 3 14 28 72 8213 11730 0 210 3 0.23 0.10 0.06 5 0 7645720 540700 7105020 0 18748 113276 22816 17528 288956 607128 0 0 0 0 0 0 28 0 0 61656 0 0 597 0 0 0 0 7244
20120604 17:48:11 35 0 18 0 0 3 13 32 68 7315 10909 0 210 3 0.22 0.10 0.06 3 0 7645720 545272 7100448 0 18748 113276 22800 17528 293752 607232 0 0 0 0 0 0 28 0 0 61656 0 0 802 0 0 0 0 7220
20120604 17:48:16 33 0 17 0 0 3 14 33 67 8013 11099 0 210 2 0.20 0.10 0.06 2 0 7645720 550000 7095720 0 18748 113276 22816 17528 298340 618588 0 0 0 0 0 0 12 0 0 61656 0 3 832 0 0 0 0 7236
20120604 17:48:21 37 0 17 0 0 3 14 30 70 7343 10754 0 210 2 0.18 0.10 0.06 2 0 7645720 550512 7095208 0 18756 113276 22832 17528 299132 624936 0 0 0 0 0 0 20 0 0 61664 0 4 780 0 0 0 0 7252
20120604 17:48:26 40 0 17 0 0 2 18 23 77 6931 11365 0 210 2 0.17 0.10 0.06 2 0 7645720 594420 7051300 0 18756 113276 22972 17528 341976 673004 0 0 0 0 0 0 20 0 0 61664 0 0 5171 0 0 0 0 7392
20120604 17:48:31 7 0 2 0 0 0 3 89 11 1378 1501 0 210 0 0.15 0.10 0.06 0 0 7645720 579008 7066712 0 18756 113276 22808 17528 326592 657316 0 0 0 0 0 0 0 0 0 61664 0 4 84 0 0 0 0 7228
20120604 17:48:36 2 0 0 0 0 0 1 97 3 108 81 0 198 1 0.14 0.09 0.06 0 0 7645720 428856 7216864 0 18764 113244 22720 17512 177940 450572 0 0 0 0 0 0 24 0 0 61664 0 5 191 0 0 0 0 7164
20120604 17:48:41 0 0 0 0 0 0 0 100 0 65 73 0 198 1 0.13 0.09 0.06 0 0 7645720 428856 7216864 0 18788 113244 22720 17512 177940 450572 0 0 0 0 0 0 88 0 0 61688 0 34 1 0 0 0 0 7164
20120604 17:48:46 0 0 0 0 0 0 0 100 0 23 25 0 198 0 0.12 0.09 0.06 0 0 7645720 428608 7217112 0 18796 113264 22720 17512 177644 449136 0 0 0 0 0 0 116 0 0 61692 0 10 5 0 0 0 0 7164
20120604 17:48:51 0 0 0 0 0 0 0 100 0 24 25 0 198 0 0.11 0.09 0.06 0 0 7645720 428592 7217128 0 18796 113264 22704 17512 177608 449136 0 0 0 0 0 0 116 0 0 61712 0 0 0 0 0 0 0 7148
20120604 17:48:56 0 0 0 0 0 0 0 100 0 19 21 0 198 1 0.10 0.09 0.06 0 0 7645720 428592 7217128 0 18796 113264 22704 17512 177608 449136 0 0 0 0 0 0 116 0 0 61712 0 0 5 0 0 0 0 7148
20120604 17:49:01 0 0 0 0 0 0 0 100 0 25 24 0 198 0 0.09 0.09 0.06 0 0 7645720 423756 7221964 0 18796 113264 22704 17512 172576 444012 0 0 0 0 0 0 116 0 0 61712 0 0 0 0 0 0 0 7148
20120604 17:49:06 0 0 0 0 0 0 0 100 0 20 23 0 198 0 0.09 0.08 0.06 0 0 7645720 408380 7237340 0 18796 113264 22704 17512 157164 428596 0 0 0 0 0 0 116 0 0 61712 0 0 5 0 0 0 0 7148
20120604 17:49:11 0 0 0 0 0 0 0 100 0 25 19 0 198 1 0.08 0.08 0.06 0 0 7645720 408380 7237340 0 18796 113264 22704 17512 157164 428596 0 0 0 0 0 0 20 0 0 61712 0 17 0 0 0 0 0 7148
20120604 17:49:16 0 0 0 0 0 0 0 100 0 42 38 0 197 1 0.07 0.08 0.06 0 0 7645720 407868 7237852 0 18804 113264 22692 17444 156828 427932 0 0 0 0 0 0 20 0 0 61716 0 10 93 0 0 0 0 7148
20120604 17:49:21 0 0 0 0 0 0 0 100 0 50 56 0 197 0 0.07 0.08 0.06 0 0 7645720 407868 7237852 0 18812 113260 22680 17384 156832 427932 0 0 0 0 0 0 24 0 0 61720 0 2 0 0 0 0 0 7136
20120604 17:49:26 0 0 0 0 0 0 0 100 0 13 15 0 197 0 0.06 0.08 0.06 0 0 7645720 407868 7237852 0 18812 113264 22680 17384 156832 427932 0 0 0 0 0 0 24 0 0 61720 0 0 5 0 0 0 0 7136
20120604 17:49:31 0 0 0 0 0 0 0 100 0 16 14 0 197 0 0.06 0.08 0.06 0 0 7645720 407868 7237852 0 18812 113264 22680 17384 156836 427932 0 0 0 0 0 0 24 0 0 61724 0 0 0 0 0 0 0 7136
20120604 17:49:36 0 0 0 0 0 0 0 100 0 39 35 0 197 0 0.05 0.08 0.06 0 0 7645720 408008 7237712 0 18812 113264 22680 17380 156848 427932 0 0 0 0 0 0 24 0 0 61724 0 0 195 0 0 0 0 7136
20120604 17:49:41 0 0 0 0 0 0 0 100 0 52 55 0 198 0 0.05 0.07 0.06 0 1 7645720 407992 7237728 0 18812 113280 22676 17384 156836 434936 0 0 0 0 0 0 44 0 0 61728 3 0 19 0 0 0 0 7136
