7242112 22360 111136
7242112 22360 111136
7242112 22360 111136
7241244 22360 111160
7240864 22368 111172
7239756 22376 111216
7239252 22384 111248
7238640 22392 111328
7238260 22400 111384
7237524 22408 111476
7236648 22416 111564
7234632 22424 111668
7233920 22432 111756
7230616 22440 111880
7229704 22448 112016
7227712 22456 112152
7225712 22464 112280
7222984 22472 112380
7223372 22480 112492
7218792 22488 112568
7216784 22496 112644
7213560 22504 112696
7215412 22512 112752
7213164 22520 112796
7211180 22528 112840
7209592 22536 112876
7207476 22544 112920
7202028 22552 112960
7200888 22560 112996
7200416 22568 113024
7201748 22576 113056
7199780 22584 113076
7194928 22592 113100
7194720 22608 113084
7193348 22616 113104
7184652 22624 113116
7189240 22632 113136
7186528 22640 113148
7185836 22648 113160
7183148 22656 113192
7181536 22664 113208
7168888 22672 113220
7178560 22680 113232
7176824 22688 113248
7154000 22696 113264
7176452 22704 113276
7174336 22712 113296
7172004 22720 113308
7169996 22728 113324
7167772 22736 113336
7165764 22744 113348
7143716 22752 113376
7168872 22760 113388
7166780 22768 113400
7164672 22776 113416
7162712 22784 113428
7160852 22792 113440
7239532 22832 113404
7239572 22840 113396
