################################################################################
# Collectl:   V3.6.1-4  HiRes: 1  Options: -i 5 --plot --filename cpu 
# Host:       ip-10-111-15-73  DaemonOpts: 
# Distro:     debian wheezy/sid, Ubuntu 11.10  Platform: 
# Date:       20120605-110430  Secs: 1338894270 TZ: +0000
# SubSys:     cdn Options:  Interval: 5 NumCPUs: 2 [HYPER] NumBud: 0 Flags: i
# Filters:    NfsFilt:  EnvFilt: 
# HZ:         100  Arch: x86_64-linux-gnu-thread-multi PageSize: 4096
# Cpu:        GenuineIntel Speed(MHz): 2266.746 Cores: 1  Siblings: 2 Nodes: 1
# Kernel:     3.0.0-16-virtual  Memory: 7645720 kB  Swap: 0 kB
# NumDisks:   1 DiskNames: xvdb
# NumNets:    2 NetNames: lo: eth0:
################################################################################
#Date Time [CPU]User% [CPU]Nice% [CPU]Sys% [CPU]Wait% [CPU]Irq% [CPU]Soft% [CPU]Steal% [CPU]Idle% [CPU]Totl% [CPU]Intrpt/sec [CPU]Ctx/sec [CPU]Proc/sec [CPU]ProcQue [CPU]ProcRun [CPU]L-Avg1 [CPU]L-Avg5 [CPU]L-Avg15 [CPU]RunTot [CPU]BlkTot [NET]RxPktTot [NET]TxPktTot [NET]RxKBTot [NET]TxKBTot [NET]RxCmpTot [NET]RxMltTot [NET]TxCmpTot [NET]RxErrsTot [NET]TxErrsTot [DSK]ReadTot [DSK]WriteTot [DSK]OpsTot [DSK]ReadKBTot [DSK]WriteKBTot [DSK]KbTot [DSK]ReadMrgTot [DSK]WriteMrgTot [DSK]MrgTot
20120605 11:04:36 15 0 2 0 0 0 6 77 23 217 70 0 188 0 0.27 0.10 0.11 0 0 8 8 0 1 0 0 0 0 0 0 0 0 0 0 0 0 0 0
20120605 11:04:41 2 0 1 0 0 0 1 96 4 122 80 7 189 0 0.25 0.10 0.10 0 0 1 1 0 0 0 0 0 0 0 0 0 0 0 0 0 0 0 0
20120605 11:04:46 0 0 0 0 0 0 0 100 0 13 16 0 189 0 0.23 0.10 0.10 0 0 0 0 0 0 0 0 0 0 0 0 0 0 0 0 0 0 0 0
20120605 11:04:51 0 0 0 0 0 0 0 100 0 13 15 0 189 0 0.21 0.10 0.10 0 0 0 0 0 0 0 0 0 0 0 0 0 0 0 0 0 0 0 0
20120605 11:04:56 0 0 0 0 0 0 0 100 0 18 14 0 189 0 0.19 0.09 0.10 0 0 0 0 0 0 0 0 0 0 0 0 0 0 0 0 0 0 0 0
20120605 11:05:01 0 0 0 0 0 0 0 100 0 17 16 0 189 0 0.18 0.09 0.10 0 0 0 0 0 0 0 0 0 0 0 0 0 0 0 0 0 0 0 0
20120605 11:05:06 0 0 0 0 0 0 0 100 0 22 17 0 189 0 0.16 0.09 0.10 0 0 0 0 0 0 0 0 0 0 0 0 0 0 0 0 0 0 0 0
20120605 11:05:11 0 0 0 0 0 0 0 100 0 25 21 0 189 0 0.15 0.09 0.10 0 0 1 1 0 0 0 0 0 0 0 0 0 0 0 0 0 0 0 0
20120605 11:05:16 0 0 0 0 0 0 0 100 0 60 57 2 189 0 0.14 0.09 0.10 0 0 7 4 0 1 0 0 0 0 0 0 0 0 0 0 0 0 0 0
20120605 11:05:21 0 0 0 0 0 0 0 100 0 20 20 0 189 0 0.13 0.09 0.10 0 0 1 0 0 0 0 0 0 0 0 0 0 0 0 0 0 0 0 0
20120605 11:05:26 6 0 2 0 0 0 2 89 11 329 226 14 200 2 0.20 0.10 0.11 2 0 6 7 1 1 0 0 0 0 0 0 0 0 0 0 0 0 0 0
20120605 11:05:31 27 0 3 0 0 0 12 58 42 327 117 4 196 1 0.26 0.12 0.11 0 0 10 11 1 2 0 0 0 0 0 0 0 0 0 0 0 0 0 0
20120605 11:05:36 0 0 0 0 0 0 0 100 0 17 21 0 196 0 0.24 0.12 0.11 0 0 0 0 0 0 0 0 0 0 0 0 0 0 0 0 0 0 0 0
20120605 11:05:41 0 0 0 0 0 0 0 100 0 17 15 0 196 0 0.22 0.11 0.11 0 0 0 0 0 0 0 0 0 0 0 0 0 0 0 0 0 0 0 0
20120605 11:05:46 0 0 0 0 0 0 0 100 0 13 16 0 196 0 0.20 0.11 0.11 0 0 0 0 0 0 0 0 0 0 0 0 0 0 0 0 0 0 0 0
20120605 11:05:51 1 0 1 0 0 0 1 97 3 182 138 7 198 1 0.19 0.11 0.11 1 0 8 8 2 1 0 0 0 0 0 0 0 0 0 0 0 0 0 0
20120605 11:05:56 3 0 2 0 0 0 1 94 6 692 487 10 210 0 0.17 0.11 0.11 0 0 201 214 17 24 0 0 0 0 0 0 0 0 0 0 0 0 0 0
20120605 11:06:01 0 0 0 0 0 0 0 100 0 26 22 0 210 0 0.16 0.11 0.11 0 0 0 0 0 0 0 0 0 0 0 0 0 0 0 0 0 0 0 0
20120605 11:06:06 0 0 0 0 0 0 0 100 0 24 20 0 210 0 0.14 0.10 0.11 0 0 0 0 0 0 0 0 0 0 0 0 0 0 0 0 0 0 0 0
20120605 11:06:11 0 0 0 0 0 0 0 100 0 85 110 0 198 1 0.13 0.10 0.11 0 0 8 9 0 1 0 0 0 0 0 0 0 0 0 0 0 0 0 0
20120605 11:06:16 0 0 0 0 0 0 0 100 0 18 18 0 198 0 0.12 0.10 0.11 0 0 2 2 0 0 0 0 0 0 0 0 0 0 0 0 0 0 0 0
20120605 11:06:21 0 0 0 0 0 0 0 100 0 16 16 0 198 0 0.11 0.10 0.11 0 0 1 1 0 0 0 0 0 0 0 0 0 0 0 0 0 0 0 0
################################################################################
# Collectl:   V3.6.1-4  HiRes: 1  Options: -i 5 --plot --filename cpu 
# Host:       ip-10-111-15-73  DaemonOpts: 
# Distro:     debian wheezy/sid, Ubuntu 11.10  Platform: 
# Date:       20120605-110430  Secs: 1338894270 TZ: +0000
# SubSys:     cdn Options:  Interval: 5 NumCPUs: 2 [HYPER] NumBud: 0 Flags: i
# Filters:    NfsFilt:  EnvFilt: 
# HZ:         100  Arch: x86_64-linux-gnu-thread-multi PageSize: 4096
# Cpu:        GenuineIntel Speed(MHz): 2266.746 Cores: 1  Siblings: 2 Nodes: 1
# Kernel:     3.0.0-16-virtual  Memory: 7645720 kB  Swap: 0 kB
# NumDisks:   1 DiskNames: xvdb
# NumNets:    2 NetNames: lo: eth0:
################################################################################
#Date Time [CPU]User% [CPU]Nice% [CPU]Sys% [CPU]Wait% [CPU]Irq% [CPU]Soft% [CPU]Steal% [CPU]Idle% [CPU]Totl% [CPU]Intrpt/sec [CPU]Ctx/sec [CPU]Proc/sec [CPU]ProcQue [CPU]ProcRun [CPU]L-Avg1 [CPU]L-Avg5 [CPU]L-Avg15 [CPU]RunTot [CPU]BlkTot [NET]RxPktTot [NET]TxPktTot [NET]RxKBTot [NET]TxKBTot [NET]RxCmpTot [NET]RxMltTot [NET]TxCmpTot [NET]RxErrsTot [NET]TxErrsTot [DSK]ReadTot [DSK]WriteTot [DSK]OpsTot [DSK]ReadKBTot [DSK]WriteKBTot [DSK]KbTot [DSK]ReadMrgTot [DSK]WriteMrgTot [DSK]MrgTot
20120605 11:06:26 0 0 0 0 0 0 0 100 0 14 16 0 198 0 0.10 0.10 0.11 0 0 1 1 0 0 0 0 0 0 0 0 0 0 0 0 0 0 0 0
20120605 11:06:31 0 0 0 0 0 0 0 100 0 21 17 0 198 0 0.10 0.10 0.10 0 0 2 2 0 0 0 0 0 0 0 0 0 0 0 0 0 0 0 0
20120605 11:06:36 1 0 1 0 0 0 0 98 2 156 115 6 189 1 0.09 0.09 0.10 0 0 7 9 1 1 0 0 0 0 0 0 0 0 0 0 0 0 0 0
20120605 11:06:41 0 0 0 0 0 0 0 100 0 14 16 0 189 0 0.08 0.09 0.10 0 0 0 0 0 0 0 0 0 0 0 0 0 0 0 0 0 0 0 0
20120605 11:06:46 0 0 0 0 0 0 0 100 0 12 15 0 189 0 0.07 0.09 0.10 0 0 0 0 0 0 0 0 0 0 0 0 0 0 0 0 0 0 0 0
20120605 11:06:51 0 0 0 0 0 0 0 100 0 13 14 0 189 0 0.07 0.09 0.10 0 0 0 0 0 0 0 0 0 0 0 0 0 0 0 0 0 0 0 0
20120605 11:06:56 0 0 0 0 0 0 0 100 0 12 14 0 189 0 0.06 0.09 0.10 0 0 0 0 0 0 0 0 0 0 0 0 0 0 0 0 0 0 0 0
20120605 11:07:01 0 0 0 0 0 0 0 99 1 16 16 0 189 0 0.06 0.09 0.10 0 0 0 0 0 0 0 0 0 0 0 0 0 0 0 0 0 0 0 0
20120605 11:07:06 0 0 0 0 0 0 0 100 0 14 16 0 189 0 0.05 0.09 0.10 0 0 0 0 0 0 0 0 0 0 0 0 0 0 0 0 0 0 0 0
20120605 11:07:11 0 0 0 0 0 0 0 100 0 15 14 0 189 0 0.05 0.08 0.10 0 0 0 0 0 0 0 0 0 0 0 0 0 0 0 0 0 0 0 0
20120605 11:07:16 0 0 0 0 0 0 0 100 0 13 15 0 189 0 0.05 0.08 0.10 0 0 0 0 0 0 0 0 0 0 0 0 0 0 0 0 0 0 0 0
20120605 11:07:21 0 0 0 0 0 0 0 100 0 13 14 0 189 0 0.04 0.08 0.10 0 0 0 0 0 0 0 0 0 0 0 0 0 0 0 0 0 0 0 0
20120605 11:07:26 0 0 0 0 0 0 0 100 0 13 14 0 189 0 0.04 0.08 0.10 0 0 0 0 0 0 0 0 0 0 0 0 0 0 0 0 0 0 0 0
20120605 11:07:31 0 0 0 0 0 0 0 100 0 58 64 0 189 0 0.04 0.08 0.10 0 0 0 0 0 0 0 0 0 0 0 0 0 0 0 0 0 0 0 0
20120605 11:07:36 0 0 0 0 0 0 0 100 0 12 14 0 189 0 0.03 0.08 0.10 0 0 0 0 0 0 0 0 0 0 0 0 0 0 0 0 0 0 0 0
20120605 11:07:41 0 0 0 0 0 0 0 100 0 14 15 0 189 0 0.03 0.08 0.10 0 0 0 0 0 0 0 0 0 0 0 0 0 0 0 0 0 0 0 0
20120605 11:07:46 0 0 0 0 0 0 0 100 0 13 14 0 189 0 0.03 0.07 0.10 0 0 0 0 0 0 0 0 0 0 0 0 0 0 0 0 0 0 0 0
20120605 11:07:51 0 0 0 0 0 0 0 100 0 14 15 0 189 0 0.03 0.07 0.10 0 0 0 0 0 0 0 0 0 0 0 0 0 0 0 0 0 0 0 0
20120605 11:07:56 0 0 0 0 0 0 0 100 0 13 14 0 189 0 0.02 0.07 0.10 0 0 0 0 0 0 0 0 0 0 0 0 0 0 0 0 0 0 0 0
20120605 11:08:01 0 0 0 0 0 0 0 100 0 17 15 0 189 0 0.02 0.07 0.10 0 0 0 0 0 0 0 0 0 0 0 0 0 0 0 0 0 0 0 0
20120605 11:08:06 4 0 2 0 0 0 2 92 8 337 242 21 200 1 0.02 0.07 0.10 1 0 8 9 1 1 0 0 0 0 0 0 0 0 0 0 0 0 0 0
20120605 11:08:11 31 0 4 0 0 0 12 53 47 385 143 0 189 1 0.10 0.08 0.10 0 0 13 13 1 2 0 0 0 0 0 0 0 0 0 0 0 0 0 0
################################################################################
# Collectl:   V3.6.1-4  HiRes: 1  Options: -i 5 --plot --filename cpu 
# Host:       ip-10-111-15-73  DaemonOpts: 
# Distro:     debian wheezy/sid, Ubuntu 11.10  Platform: 
# Date:       20120605-110430  Secs: 1338894270 TZ: +0000
# SubSys:     cdn Options:  Interval: 5 NumCPUs: 2 [HYPER] NumBud: 0 Flags: i
# Filters:    NfsFilt:  EnvFilt: 
# HZ:         100  Arch: x86_64-linux-gnu-thread-multi PageSize: 4096
# Cpu:        GenuineIntel Speed(MHz): 2266.746 Cores: 1  Siblings: 2 Nodes: 1
# Kernel:     3.0.0-16-virtual  Memory: 7645720 kB  Swap: 0 kB
# NumDisks:   1 DiskNames: xvdb
# NumNets:    2 NetNames: lo: eth0:
################################################################################
#Date Time [CPU]User% [CPU]Nice% [CPU]Sys% [CPU]Wait% [CPU]Irq% [CPU]Soft% [CPU]Steal% [CPU]Idle% [CPU]Totl% [CPU]Intrpt/sec [CPU]Ctx/sec [CPU]Proc/sec [CPU]ProcQue [CPU]ProcRun [CPU]L-Avg1 [CPU]L-Avg5 [CPU]L-Avg15 [CPU]RunTot [CPU]BlkTot [NET]RxPktTot [NET]TxPktTot [NET]RxKBTot [NET]TxKBTot [NET]RxCmpTot [NET]RxMltTot [NET]TxCmpTot [NET]RxErrsTot [NET]TxErrsTot [DSK]ReadTot [DSK]WriteTot [DSK]OpsTot [DSK]ReadKBTot [DSK]WriteKBTot [DSK]KbTot [DSK]ReadMrgTot [DSK]WriteMrgTot [DSK]MrgTot
20120605 11:08:16 0 0 0 0 0 0 0 100 0 16 19 0 189 0 0.09 0.08 0.10 0 0 0 0 0 0 0 0 0 0 0 0 0 0 0 0 0 0 0 0
20120605 11:08:21 0 0 0 0 0 0 0 100 0 14 15 0 189 0 0.08 0.08 0.10 0 0 0 0 0 0 0 0 0 0 0 0 0 0 0 0 0 0 0 0
20120605 11:08:26 0 0 0 0 0 0 0 100 0 13 15 0 189 0 0.08 0.08 0.10 0 0 0 0 0 0 0 0 0 0 0 0 0 0 0 0 0 0 0 0
20120605 11:08:31 0 0 0 0 0 0 0 100 0 14 15 0 189 0 0.07 0.08 0.10 0 0 0 0 0 0 0 0 0 0 0 0 0 0 0 0 0 0 0 0
20120605 11:08:36 0 0 0 0 0 0 0 100 0 13 15 0 189 0 0.06 0.08 0.10 0 0 0 0 0 0 0 0 0 0 0 0 0 0 0 0 0 0 0 0
20120605 11:08:41 0 0 0 0 0 0 0 100 0 20 17 0 189 0 0.06 0.08 0.10 0 0 0 0 0 0 0 0 0 0 0 0 0 0 0 0 0 0 0 0
20120605 11:08:46 0 0 0 0 0 0 0 100 0 23 17 0 189 0 0.05 0.07 0.10 0 0 0 0 0 0 0 0 0 0 0 0 0 0 0 0 0 0 0 0
20120605 11:08:51 0 0 0 0 0 0 0 100 0 14 16 0 189 0 0.05 0.07 0.10 0 0 0 0 0 0 0 0 0 0 0 0 0 0 0 0 0 0 0 0
20120605 11:08:56 0 0 0 0 0 0 0 100 0 13 15 0 189 0 0.05 0.07 0.10 0 0 0 0 0 0 0 0 0 0 0 0 0 0 0 0 0 0 0 0
20120605 11:09:01 0 0 0 0 0 0 0 99 1 16 16 0 189 1 0.04 0.07 0.10 0 0 0 0 0 0 0 0 0 0 0 0 0 0 0 0 0 0 0 0
20120605 11:09:06 0 0 0 0 0 0 0 100 0 13 16 0 189 0 0.04 0.07 0.10 0 0 0 0 0 0 0 0 0 0 0 0 0 0 0 0 0 0 0 0
20120605 11:09:11 0 0 0 0 0 0 0 100 0 15 15 0 189 0 0.04 0.07 0.09 0 0 0 0 0 0 0 0 0 0 0 0 0 0 0 0 0 0 0 0
20120605 11:09:16 0 0 0 0 0 0 0 100 0 13 14 0 189 0 0.03 0.07 0.09 0 0 0 0 0 0 0 0 0 0 0 0 0 0 0 0 0 0 0 0
20120605 11:09:21 22 0 4 0 0 0 8 66 34 475 266 14 200 2 0.11 0.08 0.10 1 0 11 12 1 2 0 0 0 0 0 0 0 0 0 0 0 0 0 0
20120605 11:09:26 11 0 1 0 0 0 4 84 16 194 91 4 196 1 0.10 0.08 0.10 0 0 6 6 0 1 0 0 0 0 0 0 0 0 0 0 0 0 0 0
20120605 11:09:31 0 0 0 0 0 0 0 100 0 15 18 0 196 0 0.09 0.08 0.10 0 0 0 0 0 0 0 0 0 0 0 0 0 0 0 0 0 0 0 0
20120605 11:09:36 0 0 0 0 0 0 0 100 0 13 14 0 196 0 0.09 0.08 0.10 0 0 0 0 0 0 0 0 0 0 0 0 0 0 0 0 0 0 0 0
20120605 11:09:41 0 0 0 0 0 0 0 100 0 14 16 0 196 0 0.08 0.08 0.10 0 0 0 0 0 0 0 0 0 0 0 0 0 0 0 0 0 0 0 0
20120605 11:09:46 0 0 0 0 0 0 0 100 0 13 14 0 196 0 0.07 0.08 0.10 0 0 0 0 0 0 0 0 0 0 0 0 0 0 0 0 0 0 0 0
20120605 11:09:51 0 0 0 0 0 0 0 100 0 13 15 0 196 0 0.07 0.08 0.10 0 0 0 0 0 0 0 0 0 0 0 0 0 0 0 0 0 0 0 0
20120605 11:09:56 0 0 0 0 0 0 0 100 0 18 14 0 196 0 0.06 0.07 0.10 0 0 0 0 0 0 0 0 0 0 0 0 0 0 0 0 0 0 0 0
20120605 11:10:01 0 0 0 0 0 0 0 100 0 26 17 0 196 0 0.06 0.07 0.10 0 0 0 0 0 0 0 0 0 0 0 0 0 0 0 0 0 0 0 0
################################################################################
# Collectl:   V3.6.1-4  HiRes: 1  Options: -i 5 --plot --filename cpu 
# Host:       ip-10-111-15-73  DaemonOpts: 
# Distro:     debian wheezy/sid, Ubuntu 11.10  Platform: 
# Date:       20120605-110430  Secs: 1338894270 TZ: +0000
# SubSys:     cdn Options:  Interval: 5 NumCPUs: 2 [HYPER] NumBud: 0 Flags: i
# Filters:    NfsFilt:  EnvFilt: 
# HZ:         100  Arch: x86_64-linux-gnu-thread-multi PageSize: 4096
# Cpu:        GenuineIntel Speed(MHz): 2266.746 Cores: 1  Siblings: 2 Nodes: 1
# Kernel:     3.0.0-16-virtual  Memory: 7645720 kB  Swap: 0 kB
# NumDisks:   1 DiskNames: xvdb
# NumNets:    2 NetNames: lo: eth0:
################################################################################
#Date Time [CPU]User% [CPU]Nice% [CPU]Sys% [CPU]Wait% [CPU]Irq% [CPU]Soft% [CPU]Steal% [CPU]Idle% [CPU]Totl% [CPU]Intrpt/sec [CPU]Ctx/sec [CPU]Proc/sec [CPU]ProcQue [CPU]ProcRun [CPU]L-Avg1 [CPU]L-Avg5 [CPU]L-Avg15 [CPU]RunTot [CPU]BlkTot [NET]RxPktTot [NET]TxPktTot [NET]RxKBTot [NET]TxKBTot [NET]RxCmpTot [NET]RxMltTot [NET]TxCmpTot [NET]RxErrsTot [NET]TxErrsTot [DSK]ReadTot [DSK]WriteTot [DSK]OpsTot [DSK]ReadKBTot [DSK]WriteKBTot [DSK]KbTot [DSK]ReadMrgTot [DSK]WriteMrgTot [DSK]MrgTot
20120605 11:10:06 0 0 0 0 0 0 0 100 0 14 17 0 196 0 0.05 0.07 0.09 1 0 0 0 0 0 0 0 0 0 0 0 0 0 0 0 0 0 0 0
20120605 11:10:11 1 0 1 0 0 0 0 98 2 124 100 6 199 1 0.05 0.07 0.09 0 0 5 5 1 1 0 0 0 0 0 0 0 0 0 0 0 0 0 0
20120605 11:10:16 4 0 2 0 0 0 1 94 6 860 642 10 210 0 0.04 0.07 0.09 0 0 291 341 24 39 0 0 0 0 0 0 0 0 0 0 0 0 0 0
20120605 11:10:21 0 0 0 0 0 0 0 99 0 228 164 0 210 1 0.04 0.07 0.09 0 0 109 99 10 11 0 0 0 0 0 0 0 0 0 0 0 0 0 0
20120605 11:10:26 0 0 0 0 0 0 0 100 0 16 19 0 210 0 0.04 0.07 0.09 0 0 0 0 0 0 0 0 0 0 0 0 0 0 0 0 0 0 0 0
20120605 11:10:31 0 0 0 0 0 0 0 100 0 17 16 0 210 0 0.03 0.07 0.09 0 0 0 0 0 0 0 0 0 0 0 0 0 0 0 0 0 0 0 0
20120605 11:10:36 0 0 0 0 0 0 0 100 0 18 21 0 210 0 0.03 0.07 0.09 0 0 1 1 0 0 0 0 0 0 0 0 0 0 0 0 0 0 0 0
20120605 11:10:41 0 0 0 0 0 0 0 100 0 26 20 0 210 0 0.03 0.06 0.09 0 0 5 5 0 0 0 0 0 0 0 0 0 0 0 0 0 0 0 0
20120605 11:10:46 0 0 0 0 0 0 0 100 0 24 23 0 210 0 0.03 0.06 0.09 0 0 5 5 0 0 0 0 0 0 0 0 0 0 0 0 0 0 0 0
20120605 11:10:51 0 0 0 0 0 0 0 100 0 19 19 0 210 0 0.02 0.06 0.09 0 0 2 2 0 0 0 0 0 0 0 0 0 0 0 0 0 0 0 0
20120605 11:10:56 0 0 0 0 0 0 0 100 0 23 22 0 210 0 0.02 0.06 0.09 0 0 5 5 0 0 0 0 0 0 0 0 0 0 0 0 0 0 0 0
20120605 11:11:01 3 0 3 0 0 0 1 92 8 671 1524 0 210 1 0.18 0.09 0.10 0 0 58 60 3 16 0 0 0 0 0 0 0 0 0 0 0 0 0 0
20120605 11:11:06 4 0 5 0 0 0 2 89 11 792 1959 0 210 0 0.17 0.09 0.10 0 0 39 40 2 11 0 0 0 0 0 0 0 0 0 0 0 0 0 0
20120605 11:11:11 4 0 4 0 0 0 2 89 11 753 1783 0 210 2 0.15 0.09 0.10 2 0 39 41 2 11 0 0 0 0 0 0 0 0 0 0 0 0 0 0
20120605 11:11:16 4 0 4 0 0 0 2 90 10 755 1849 0 210 1 0.14 0.09 0.10 0 0 47 47 2 13 0 0 0 0 0 0 0 0 0 0 0 0 0 0
20120605 11:11:21 4 0 4 0 0 0 2 90 10 602 1629 0 210 0 0.13 0.09 0.10 0 0 18 19 1 5 0 0 0 0 0 0 0 0 0 0 0 0 0 0
20120605 11:11:26 4 0 4 0 0 0 2 90 10 518 1466 0 210 0 0.28 0.12 0.11 0 0 5 6 0 1 0 0 0 0 0 0 0 0 0 0 0 0 0 0
20120605 11:11:31 5 0 4 0 0 1 2 87 13 971 2406 0 210 3 0.26 0.12 0.11 3 0 64 63 3 20 0 0 0 0 0 0 0 0 0 0 0 0 0 0
20120605 11:11:36 3 0 4 0 0 0 1 92 8 497 1309 0 210 2 0.24 0.12 0.11 3 0 13 13 1 3 0 0 0 0 0 0 0 0 0 0 0 0 0 0
20120605 11:11:41 5 0 5 0 0 0 3 86 14 1008 2435 0 210 0 0.22 0.11 0.11 0 0 70 74 4 20 0 0 0 0 0 0 0 0 0 0 0 0 0 0
20120605 11:11:46 4 0 6 0 0 1 2 87 13 1033 2423 0 210 1 0.36 0.14 0.12 0 0 72 84 4 21 0 0 0 0 0 0 0 0 0 0 0 0 0 0
20120605 11:11:51 5 0 5 0 0 0 2 87 13 937 2240 0 210 0 0.33 0.14 0.12 0 0 58 64 3 18 0 0 0 0 0 0 0 0 0 0 0 0 0 0
################################################################################
# Collectl:   V3.6.1-4  HiRes: 1  Options: -i 5 --plot --filename cpu 
# Host:       ip-10-111-15-73  DaemonOpts: 
# Distro:     debian wheezy/sid, Ubuntu 11.10  Platform: 
# Date:       20120605-110430  Secs: 1338894270 TZ: +0000
# SubSys:     cdn Options:  Interval: 5 NumCPUs: 2 [HYPER] NumBud: 0 Flags: i
# Filters:    NfsFilt:  EnvFilt: 
# HZ:         100  Arch: x86_64-linux-gnu-thread-multi PageSize: 4096
# Cpu:        GenuineIntel Speed(MHz): 2266.746 Cores: 1  Siblings: 2 Nodes: 1
# Kernel:     3.0.0-16-virtual  Memory: 7645720 kB  Swap: 0 kB
# NumDisks:   1 DiskNames: xvdb
# NumNets:    2 NetNames: lo: eth0:
################################################################################
#Date Time [CPU]User% [CPU]Nice% [CPU]Sys% [CPU]Wait% [CPU]Irq% [CPU]Soft% [CPU]Steal% [CPU]Idle% [CPU]Totl% [CPU]Intrpt/sec [CPU]Ctx/sec [CPU]Proc/sec [CPU]ProcQue [CPU]ProcRun [CPU]L-Avg1 [CPU]L-Avg5 [CPU]L-Avg15 [CPU]RunTot [CPU]BlkTot [NET]RxPktTot [NET]TxPktTot [NET]RxKBTot [NET]TxKBTot [NET]RxCmpTot [NET]RxMltTot [NET]TxCmpTot [NET]RxErrsTot [NET]TxErrsTot [DSK]ReadTot [DSK]WriteTot [DSK]OpsTot [DSK]ReadKBTot [DSK]WriteKBTot [DSK]KbTot [DSK]ReadMrgTot [DSK]WriteMrgTot [DSK]MrgTot
20120605 11:11:56 4 0 4 0 0 0 2 90 10 743 1956 0 210 3 0.30 0.14 0.12 2 0 45 49 2 14 0 0 0 0 0 0 0 0 0 0 0 0 0 0
20120605 11:12:01 6 0 5 0 0 0 3 85 15 1108 3051 0 210 1 0.36 0.15 0.12 0 0 100 107 5 29 0 0 0 0 0 0 0 0 0 0 0 0 0 0
20120605 11:12:06 5 0 5 0 0 1 3 87 13 920 2165 0 210 0 0.41 0.17 0.13 0 0 58 62 3 17 0 0 0 0 0 0 0 0 0 0 0 0 0 0
20120605 11:12:11 5 0 5 0 0 0 2 87 13 953 2326 0 210 0 0.38 0.17 0.13 0 0 61 65 3 19 0 0 0 0 0 0 0 0 0 0 0 0 0 0
20120605 11:12:16 4 0 4 0 0 0 2 89 11 912 2056 0 210 1 0.35 0.16 0.12 0 0 66 69 3 22 0 0 0 0 0 0 0 0 0 0 0 0 0 0
20120605 11:12:21 5 0 4 0 0 0 2 89 11 639 1665 0 210 0 0.32 0.16 0.12 0 0 18 18 1 6 0 0 0 0 0 0 0 0 0 0 0 0 0 0
20120605 11:12:26 3 0 5 0 0 0 2 89 11 547 1492 0 211 0 0.45 0.19 0.13 0 0 11 10 1 4 0 0 0 0 0 0 0 0 0 0 0 0 0 0
20120605 11:12:31 4 0 4 0 0 0 2 90 10 500 1447 0 211 0 0.42 0.19 0.13 0 0 10 10 1 2 0 0 0 0 0 0 0 0 0 0 0 0 0 0
20120605 11:12:36 4 0 4 0 0 0 2 90 10 839 2235 0 211 3 0.38 0.18 0.13 1 0 63 63 3 20 0 0 0 0 0 0 0 0 0 0 0 0 0 0
20120605 11:12:41 7 0 7 0 0 0 4 81 19 1576 3403 0 211 0 0.51 0.21 0.14 0 0 141 149 7 44 0 0 0 0 0 0 0 0 0 0 0 0 0 0
20120605 11:12:46 3 0 5 0 0 0 2 89 11 542 1522 0 211 0 0.63 0.24 0.15 0 0 11 11 1 3 0 0 0 0 0 0 0 0 0 0 0 0 0 0
20120605 11:12:51 4 0 4 0 0 0 2 90 10 604 1606 0 211 2 0.58 0.24 0.15 2 0 18 18 1 7 0 0 0 0 0 0 0 0 0 0 0 0 0 0
20120605 11:12:56 3 0 3 0 0 0 2 92 8 422 1154 0 211 0 0.54 0.24 0.15 0 0 9 10 0 3 0 0 0 0 0 0 0 0 0 0 0 0 0 0
20120605 11:13:01 6 0 5 0 0 0 3 85 15 1161 2612 0 211 0 0.49 0.23 0.15 0 0 92 100 5 26 0 0 0 0 0 0 0 0 0 0 0 0 0 0
20120605 11:13:06 5 0 4 0 0 0 2 89 11 604 1588 0 211 0 0.61 0.26 0.16 0 0 18 19 1 5 0 0 0 0 0 0 0 0 0 0 0 0 0 0
20120605 11:13:11 4 0 4 0 0 0 2 90 10 558 1480 0 211 0 0.56 0.26 0.16 0 0 17 17 1 5 0 0 0 0 0 0 0 0 0 0 0 0 0 0
20120605 11:13:16 0 0 0 0 0 0 0 100 0 26 29 0 211 0 0.52 0.25 0.16 0 0 6 6 0 1 0 0 0 0 0 0 0 0 0 0 0 0 0 0
20120605 11:13:21 0 0 0 0 0 0 0 100 0 22 25 0 211 0 0.48 0.25 0.16 0 0 4 4 0 2 0 0 0 0 0 0 0 0 0 0 0 0 0 0
20120605 11:13:26 0 0 0 0 0 0 0 100 0 26 27 0 211 0 0.44 0.25 0.16 0 0 6 7 0 3 0 0 0 0 0 0 0 0 0 0 0 0 0 0
20120605 11:13:31 2 0 2 0 0 0 1 95 5 243 658 0 211 3 0.40 0.24 0.16 3 0 6 6 0 2 0 0 0 0 0 0 0 0 0 0 0 0 0 0
20120605 11:13:36 3 0 4 0 0 0 1 92 8 492 1278 0 211 2 0.37 0.24 0.15 3 0 13 13 1 6 0 0 0 0 0 0 0 0 0 0 0 0 0 0
20120605 11:13:41 7 0 6 0 0 1 3 84 16 1393 3227 0 211 0 0.42 0.25 0.16 0 0 121 130 6 38 0 0 0 0 0 0 0 0 0 0 0 0 0 0
################################################################################
# Collectl:   V3.6.1-4  HiRes: 1  Options: -i 5 --plot --filename cpu 
# Host:       ip-10-111-15-73  DaemonOpts: 
# Distro:     debian wheezy/sid, Ubuntu 11.10  Platform: 
# Date:       20120605-110430  Secs: 1338894270 TZ: +0000
# SubSys:     cdn Options:  Interval: 5 NumCPUs: 2 [HYPER] NumBud: 0 Flags: i
# Filters:    NfsFilt:  EnvFilt: 
# HZ:         100  Arch: x86_64-linux-gnu-thread-multi PageSize: 4096
# Cpu:        GenuineIntel Speed(MHz): 2266.746 Cores: 1  Siblings: 2 Nodes: 1
# Kernel:     3.0.0-16-virtual  Memory: 7645720 kB  Swap: 0 kB
# NumDisks:   1 DiskNames: xvdb
# NumNets:    2 NetNames: lo: eth0:
################################################################################
#Date Time [CPU]User% [CPU]Nice% [CPU]Sys% [CPU]Wait% [CPU]Irq% [CPU]Soft% [CPU]Steal% [CPU]Idle% [CPU]Totl% [CPU]Intrpt/sec [CPU]Ctx/sec [CPU]Proc/sec [CPU]ProcQue [CPU]ProcRun [CPU]L-Avg1 [CPU]L-Avg5 [CPU]L-Avg15 [CPU]RunTot [CPU]BlkTot [NET]RxPktTot [NET]TxPktTot [NET]RxKBTot [NET]TxKBTot [NET]RxCmpTot [NET]RxMltTot [NET]TxCmpTot [NET]RxErrsTot [NET]TxErrsTot [DSK]ReadTot [DSK]WriteTot [DSK]OpsTot [DSK]ReadKBTot [DSK]WriteKBTot [DSK]KbTot [DSK]ReadMrgTot [DSK]WriteMrgTot [DSK]MrgTot
20120605 11:13:46 4 0 5 0 0 0 3 87 13 835 2173 0 211 1 0.55 0.28 0.17 0 0 51 55 3 16 0 0 0 0 0 0 0 0 0 0 0 0 0 0
20120605 11:13:51 5 0 5 0 0 0 2 88 12 812 1968 0 211 0 0.50 0.27 0.17 0 0 47 49 2 15 0 0 0 0 0 0 0 0 0 0 0 0 0 0
20120605 11:13:56 4 0 4 0 0 0 2 90 10 752 2059 0 211 3 0.46 0.27 0.17 1 0 46 47 2 15 0 0 0 0 0 0 0 0 0 0 0 0 0 0
20120605 11:14:01 7 0 5 0 0 1 4 83 17 1289 3659 0 211 0 0.59 0.30 0.18 0 0 123 130 6 36 0 0 0 0 0 0 0 0 0 0 0 0 0 0
20120605 11:14:06 5 0 5 0 0 0 2 88 12 976 2396 0 211 0 0.70 0.33 0.19 0 0 64 69 3 20 0 0 0 0 0 0 0 0 0 0 0 0 0 0
20120605 11:14:11 5 0 5 0 0 0 2 88 12 895 2261 0 211 0 0.64 0.32 0.19 0 0 58 64 3 17 0 0 0 0 0 0 0 0 0 0 0 0 0 0
20120605 11:14:16 4 0 4 0 0 0 2 90 10 815 1930 0 211 3 0.59 0.32 0.18 3 0 50 52 3 18 0 0 0 0 0 0 0 0 0 0 0 0 0 0
20120605 11:14:21 7 0 6 0 0 1 3 83 17 1447 3288 0 211 0 0.55 0.31 0.18 0 0 129 134 7 40 0 0 0 0 0 0 0 0 0 0 0 0 0 0
20120605 11:14:26 5 0 5 0 0 1 3 87 13 953 2268 0 211 0 0.66 0.34 0.19 0 0 67 74 3 20 0 0 0 0 0 0 0 0 0 0 0 0 0 0
20120605 11:14:31 4 0 5 0 0 0 2 88 12 851 2070 0 211 0 0.77 0.37 0.20 0 0 55 59 3 15 0 0 0 0 0 0 0 0 0 0 0 0 0 0
20120605 11:14:36 4 0 4 0 0 0 2 90 10 677 1663 0 211 2 0.71 0.36 0.20 3 0 37 42 2 12 0 0 0 0 0 0 0 0 0 0 0 0 0 0
20120605 11:14:41 6 0 5 0 0 1 3 86 14 1069 2400 0 211 0 0.65 0.35 0.20 0 0 80 88 4 26 0 0 0 0 0 0 0 0 0 0 0 0 0 0
20120605 11:14:46 5 0 5 0 0 0 3 87 13 823 2107 0 211 0 0.60 0.35 0.20 0 0 49 51 2 13 0 0 0 0 0 0 0 0 0 0 0 0 0 0
20120605 11:14:51 5 0 5 0 0 0 2 88 12 814 1988 0 211 0 0.71 0.38 0.21 0 0 45 46 2 14 0 0 0 0 0 0 0 0 0 0 0 0 0 0
20120605 11:14:56 3 0 5 0 0 0 2 89 11 775 1826 0 211 3 0.65 0.37 0.21 3 0 46 49 2 15 0 0 0 0 0 0 0 0 0 0 0 0 0 0
20120605 11:15:01 6 0 5 0 0 0 3 85 15 1219 3030 0 211 0 0.76 0.40 0.22 0 0 107 115 5 31 0 0 0 0 0 0 0 0 0 0 0 0 0 0
20120605 11:15:06 4 0 4 0 0 0 2 89 11 586 1531 0 211 0 0.86 0.42 0.23 0 0 13 13 1 5 0 0 0 0 0 0 0 0 0 0 0 0 0 0
20120605 11:15:11 5 0 5 0 0 1 3 86 14 993 2398 0 211 0 0.79 0.42 0.23 0 0 78 83 4 23 0 0 0 0 0 0 0 0 0 0 0 0 0 0
20120605 11:15:16 4 0 4 0 0 0 3 89 11 922 2109 0 211 0 0.73 0.41 0.23 0 0 81 87 4 23 0 0 0 0 0 0 0 0 0 0 0 0 0 0
20120605 11:15:21 6 0 4 0 0 0 4 86 14 979 2397 0 211 0 0.83 0.44 0.24 0 0 55 55 3 14 0 0 0 0 0 0 0 0 0 0 0 0 0 0
20120605 11:15:26 5 0 6 0 0 0 2 87 13 1046 2450 0 211 0 0.92 0.46 0.25 0 0 73 74 4 30 0 0 0 0 0 0 0 0 0 0 0 0 0 0
20120605 11:15:31 4 0 3 0 0 0 2 91 9 498 1366 0 211 2 0.85 0.45 0.24 2 0 12 11 1 3 0 0 0 0 0 0 0 0 0 0 0 0 0 0
################################################################################
# Collectl:   V3.6.1-4  HiRes: 1  Options: -i 5 --plot --filename cpu 
# Host:       ip-10-111-15-73  DaemonOpts: 
# Distro:     debian wheezy/sid, Ubuntu 11.10  Platform: 
# Date:       20120605-110430  Secs: 1338894270 TZ: +0000
# SubSys:     cdn Options:  Interval: 5 NumCPUs: 2 [HYPER] NumBud: 0 Flags: i
# Filters:    NfsFilt:  EnvFilt: 
# HZ:         100  Arch: x86_64-linux-gnu-thread-multi PageSize: 4096
# Cpu:        GenuineIntel Speed(MHz): 2266.746 Cores: 1  Siblings: 2 Nodes: 1
# Kernel:     3.0.0-16-virtual  Memory: 7645720 kB  Swap: 0 kB
# NumDisks:   1 DiskNames: xvdb
# NumNets:    2 NetNames: lo: eth0:
################################################################################
#Date Time [CPU]User% [CPU]Nice% [CPU]Sys% [CPU]Wait% [CPU]Irq% [CPU]Soft% [CPU]Steal% [CPU]Idle% [CPU]Totl% [CPU]Intrpt/sec [CPU]Ctx/sec [CPU]Proc/sec [CPU]ProcQue [CPU]ProcRun [CPU]L-Avg1 [CPU]L-Avg5 [CPU]L-Avg15 [CPU]RunTot [CPU]BlkTot [NET]RxPktTot [NET]TxPktTot [NET]RxKBTot [NET]TxKBTot [NET]RxCmpTot [NET]RxMltTot [NET]TxCmpTot [NET]RxErrsTot [NET]TxErrsTot [DSK]ReadTot [DSK]WriteTot [DSK]OpsTot [DSK]ReadKBTot [DSK]WriteKBTot [DSK]KbTot [DSK]ReadMrgTot [DSK]WriteMrgTot [DSK]MrgTot
20120605 11:15:36 2 0 4 0 0 0 2 92 8 550 1428 0 211 2 0.78 0.45 0.24 0 0 18 20 1 7 0 0 0 0 0 0 0 0 0 0 0 0 0 0
20120605 11:15:41 6 0 5 0 0 1 3 85 15 1081 2451 0 211 0 0.72 0.44 0.24 0 0 71 77 4 24 0 0 0 0 0 0 0 0 0 0 0 0 0 0
20120605 11:15:46 1 0 0 0 0 0 0 99 1 99 228 0 211 0 0.66 0.43 0.24 0 0 7 7 0 2 0 0 0 0 0 0 0 0 0 0 0 0 0 0
20120605 11:15:51 0 0 0 0 0 0 0 100 0 17 20 0 211 0 0.61 0.43 0.24 0 0 2 2 0 1 0 0 0 0 0 0 0 0 0 0 0 0 0 0
20120605 11:15:56 0 0 0 0 0 0 0 100 0 21 24 0 211 0 0.56 0.42 0.24 0 0 3 3 0 1 0 0 0 0 0 0 0 0 0 0 0 0 0 0
20120605 11:16:01 4 0 2 0 0 0 1 93 7 592 1306 0 211 1 0.52 0.41 0.23 0 0 49 51 3 14 0 0 0 0 0 0 0 0 0 0 0 0 0 0
20120605 11:16:06 5 0 5 0 0 1 2 87 13 885 2150 0 211 0 0.63 0.44 0.24 0 0 50 50 3 17 0 0 0 0 0 0 0 0 0 0 0 0 0 0
20120605 11:16:11 4 0 4 0 0 0 2 90 10 702 1713 0 211 2 0.58 0.43 0.24 3 0 35 37 2 12 0 0 0 0 0 0 0 0 0 0 0 0 0 0
20120605 11:16:16 4 0 5 0 0 0 2 88 12 884 2079 0 211 1 0.54 0.42 0.24 0 0 56 59 3 21 0 0 0 0 0 0 0 0 0 0 0 0 0 0
20120605 11:16:21 5 0 4 0 0 0 2 89 11 642 1690 0 211 0 0.49 0.42 0.24 0 0 21 21 1 8 0 0 0 0 0 0 0 0 0 0 0 0 0 0
20120605 11:16:26 4 0 5 0 0 0 2 90 10 548 1512 0 211 0 0.61 0.44 0.25 0 0 9 9 0 2 0 0 0 0 0 0 0 0 0 0 0 0 0 0
20120605 11:16:31 4 0 5 0 0 0 2 89 11 671 1715 0 211 1 0.56 0.44 0.25 2 0 29 29 1 9 0 0 0 0 0 0 0 0 0 0 0 0 0 0
20120605 11:16:36 3 0 3 0 0 0 2 92 8 503 1300 0 211 0 0.52 0.43 0.25 0 0 18 18 1 6 0 0 0 0 0 0 0 0 0 0 0 0 0 0
20120605 11:16:41 4 0 5 0 0 0 2 88 11 689 1733 0 211 0 0.48 0.42 0.24 0 0 28 28 1 8 0 0 0 0 0 0 0 0 0 0 0 0 0 0
20120605 11:16:46 4 0 5 0 0 0 2 88 12 670 1736 0 211 0 0.60 0.45 0.25 0 0 27 27 1 8 0 0 0 0 0 0 0 0 0 0 0 0 0 0
20120605 11:16:51 4 0 4 0 0 0 2 90 10 610 1571 0 211 2 0.55 0.44 0.25 2 0 24 24 1 8 0 0 0 0 0 0 0 0 0 0 0 0 0 0
20120605 11:16:56 5 0 5 0 0 0 3 87 13 977 2222 0 211 1 0.51 0.43 0.25 0 0 72 74 4 22 0 0 0 0 0 0 0 0 0 0 0 0 0 0
20120605 11:17:01 5 0 5 0 0 0 2 87 13 867 2147 0 211 1 0.47 0.43 0.25 0 0 56 59 3 16 0 0 0 0 0 0 0 0 0 0 0 0 0 0
20120605 11:17:06 4 0 6 1 0 0 3 87 13 920 2161 1 211 0 0.59 0.45 0.26 0 0 59 61 3 18 0 0 0 0 0 0 0 0 0 0 0 0 0 0
20120605 11:17:11 4 0 3 0 0 0 2 90 10 752 1768 0 211 2 0.54 0.44 0.26 3 0 51 52 3 15 0 0 0 0 0 0 0 0 0 0 0 0 0 0
20120605 11:17:16 6 0 6 0 0 0 3 84 16 1265 2848 0 211 0 0.50 0.44 0.26 0 0 111 117 6 33 0 0 0 0 0 0 0 0 0 0 0 0 0 0
20120605 11:17:21 4 0 4 0 0 0 2 89 11 750 1904 0 211 0 0.46 0.43 0.25 0 0 35 37 2 11 0 0 0 0 0 0 0 0 0 0 0 0 0 0
################################################################################
# Collectl:   V3.6.1-4  HiRes: 1  Options: -i 5 --plot --filename cpu 
# Host:       ip-10-111-15-73  DaemonOpts: 
# Distro:     debian wheezy/sid, Ubuntu 11.10  Platform: 
# Date:       20120605-110430  Secs: 1338894270 TZ: +0000
# SubSys:     cdn Options:  Interval: 5 NumCPUs: 2 [HYPER] NumBud: 0 Flags: i
# Filters:    NfsFilt:  EnvFilt: 
# HZ:         100  Arch: x86_64-linux-gnu-thread-multi PageSize: 4096
# Cpu:        GenuineIntel Speed(MHz): 2266.746 Cores: 1  Siblings: 2 Nodes: 1
# Kernel:     3.0.0-16-virtual  Memory: 7645720 kB  Swap: 0 kB
# NumDisks:   1 DiskNames: xvdb
# NumNets:    2 NetNames: lo: eth0:
################################################################################
#Date Time [CPU]User% [CPU]Nice% [CPU]Sys% [CPU]Wait% [CPU]Irq% [CPU]Soft% [CPU]Steal% [CPU]Idle% [CPU]Totl% [CPU]Intrpt/sec [CPU]Ctx/sec [CPU]Proc/sec [CPU]ProcQue [CPU]ProcRun [CPU]L-Avg1 [CPU]L-Avg5 [CPU]L-Avg15 [CPU]RunTot [CPU]BlkTot [NET]RxPktTot [NET]TxPktTot [NET]RxKBTot [NET]TxKBTot [NET]RxCmpTot [NET]RxMltTot [NET]TxCmpTot [NET]RxErrsTot [NET]TxErrsTot [DSK]ReadTot [DSK]WriteTot [DSK]OpsTot [DSK]ReadKBTot [DSK]WriteKBTot [DSK]KbTot [DSK]ReadMrgTot [DSK]WriteMrgTot [DSK]MrgTot
20120605 11:17:26 4 0 5 0 0 0 3 88 12 794 1987 0 211 0 0.58 0.46 0.26 0 0 39 43 2 13 0 0 0 0 0 0 0 0 0 0 0 0 0 0
20120605 11:17:31 4 0 4 0 0 0 2 89 11 707 1737 0 211 3 0.54 0.45 0.26 3 0 37 40 2 12 0 0 0 0 0 0 0 0 0 0 0 0 0 0
20120605 11:17:36 4 0 4 0 0 0 2 90 10 752 1874 0 211 0 0.49 0.44 0.26 0 0 44 47 2 16 0 0 0 0 0 0 0 0 0 0 0 0 0 0
20120605 11:17:41 4 0 4 0 0 0 2 90 10 548 1525 0 211 0 0.45 0.43 0.26 0 0 11 12 1 3 0 0 0 0 0 0 0 0 0 0 0 0 0 0
20120605 11:17:46 3 0 4 0 0 0 2 90 10 568 1574 0 211 0 0.58 0.46 0.27 0 0 16 16 1 4 0 0 0 0 0 0 0 0 0 0 0 0 0 0
20120605 11:17:51 4 0 4 0 0 0 2 90 10 560 1583 0 211 0 0.69 0.48 0.28 0 0 15 16 1 6 0 0 0 0 0 0 0 0 0 0 0 0 0 0
20120605 11:17:56 4 0 4 0 0 0 2 89 11 890 2223 0 211 3 0.64 0.48 0.28 3 0 57 63 3 20 0 0 0 0 0 0 0 0 0 0 0 0 0 0
20120605 11:18:01 6 0 5 0 0 1 3 85 15 1281 2933 0 211 0 0.58 0.47 0.27 0 0 121 124 6 34 0 0 0 0 0 0 0 0 0 0 0 0 0 0
20120605 11:18:06 5 0 5 0 0 1 3 86 14 938 2259 0 211 0 0.54 0.46 0.27 0 0 69 72 4 21 0 0 0 0 0 0 0 0 0 0 0 0 0 0
20120605 11:18:11 5 0 5 0 0 0 2 88 12 932 2204 0 211 0 0.66 0.49 0.28 0 0 56 66 3 20 0 0 0 0 0 0 0 0 0 0 0 0 0 0
20120605 11:18:16 0 0 0 0 0 0 0 100 0 27 27 0 211 0 0.60 0.48 0.28 0 0 8 8 0 3 0 0 0 0 0 0 0 0 0 0 0 0 0 0
20120605 11:18:21 0 0 0 0 0 0 0 100 0 19 22 0 211 0 0.55 0.47 0.28 0 0 3 3 0 2 0 0 0 0 0 0 0 0 0 0 0 0 0 0
20120605 11:18:26 0 0 0 0 0 0 0 100 0 19 23 0 211 0 0.51 0.46 0.28 0 0 3 3 0 1 0 0 0 0 0 0 0 0 0 0 0 0 0 0
20120605 11:18:31 0 0 0 0 0 0 0 100 0 22 23 0 211 0 0.47 0.45 0.28 0 0 6 6 0 2 0 0 0 0 0 0 0 0 0 0 0 0 0 0
20120605 11:18:36 0 0 0 0 0 0 0 100 0 22 25 0 211 0 0.43 0.45 0.28 0 0 3 4 0 2 0 0 0 0 0 0 0 0 0 0 0 0 0 0
20120605 11:18:41 5 0 5 0 0 0 2 87 13 906 2136 0 211 0 0.56 0.47 0.28 0 0 54 55 3 17 0 0 0 0 0 0 0 0 0 0 0 0 0 0
20120605 11:18:46 4 0 4 0 0 0 2 90 10 847 2074 0 211 3 0.51 0.47 0.28 1 0 70 74 4 20 0 0 0 0 0 0 0 0 0 0 0 0 0 0
20120605 11:18:51 7 0 5 0 0 1 4 82 18 1477 3347 0 211 0 0.55 0.47 0.29 0 0 131 141 7 42 0 0 0 0 0 0 0 0 0 0 0 0 0 0
20120605 11:18:56 3 0 5 0 0 0 2 90 10 540 1521 0 211 0 0.51 0.47 0.29 0 0 9 9 0 3 0 0 0 0 0 0 0 0 0 0 0 0 0 0
20120605 11:19:01 4 0 4 0 0 0 1 90 10 541 1493 0 211 0 0.63 0.49 0.29 0 0 11 12 1 4 0 0 0 0 0 0 0 0 0 0 0 0 0 0
20120605 11:19:06 4 0 4 0 0 1 3 88 12 1013 2349 0 211 0 0.58 0.48 0.29 0 0 83 91 4 27 0 0 0 0 0 0 0 0 0 0 0 0 0 0
20120605 11:19:11 4 0 4 0 0 0 2 89 11 670 1776 0 211 1 0.53 0.48 0.29 0 0 24 24 1 8 0 0 0 0 0 0 0 0 0 0 0 0 0 0
################################################################################
# Collectl:   V3.6.1-4  HiRes: 1  Options: -i 5 --plot --filename cpu 
# Host:       ip-10-111-15-73  DaemonOpts: 
# Distro:     debian wheezy/sid, Ubuntu 11.10  Platform: 
# Date:       20120605-110430  Secs: 1338894270 TZ: +0000
# SubSys:     cdn Options:  Interval: 5 NumCPUs: 2 [HYPER] NumBud: 0 Flags: i
# Filters:    NfsFilt:  EnvFilt: 
# HZ:         100  Arch: x86_64-linux-gnu-thread-multi PageSize: 4096
# Cpu:        GenuineIntel Speed(MHz): 2266.746 Cores: 1  Siblings: 2 Nodes: 1
# Kernel:     3.0.0-16-virtual  Memory: 7645720 kB  Swap: 0 kB
# NumDisks:   1 DiskNames: xvdb
# NumNets:    2 NetNames: lo: eth0:
################################################################################
#Date Time [CPU]User% [CPU]Nice% [CPU]Sys% [CPU]Wait% [CPU]Irq% [CPU]Soft% [CPU]Steal% [CPU]Idle% [CPU]Totl% [CPU]Intrpt/sec [CPU]Ctx/sec [CPU]Proc/sec [CPU]ProcQue [CPU]ProcRun [CPU]L-Avg1 [CPU]L-Avg5 [CPU]L-Avg15 [CPU]RunTot [CPU]BlkTot [NET]RxPktTot [NET]TxPktTot [NET]RxKBTot [NET]TxKBTot [NET]RxCmpTot [NET]RxMltTot [NET]TxCmpTot [NET]RxErrsTot [NET]TxErrsTot [DSK]ReadTot [DSK]WriteTot [DSK]OpsTot [DSK]ReadKBTot [DSK]WriteKBTot [DSK]KbTot [DSK]ReadMrgTot [DSK]WriteMrgTot [DSK]MrgTot
20120605 11:19:16 4 0 4 0 0 0 2 89 11 714 1828 0 211 0 0.65 0.50 0.30 0 0 34 35 2 11 0 0 0 0 0 0 0 0 0 0 0 0 0 0
20120605 11:19:21 4 0 4 0 0 0 2 89 11 613 1607 0 211 2 0.76 0.53 0.31 2 0 25 25 1 10 0 0 0 0 0 0 0 0 0 0 0 0 0 0
20120605 11:19:26 3 0 4 0 0 0 2 90 10 719 1743 0 211 1 0.70 0.52 0.31 0 0 41 42 2 13 0 0 0 0 0 0 0 0 0 0 0 0 0 0
20120605 11:19:31 4 0 4 0 0 0 2 90 10 560 1540 0 211 1 0.64 0.51 0.31 0 0 14 15 1 4 0 0 0 0 0 0 0 0 0 0 0 0 0 0
20120605 11:19:36 3 0 5 0 0 0 2 89 11 671 1813 0 211 1 0.59 0.50 0.31 0 0 25 25 1 9 0 0 0 0 0 0 0 0 0 0 0 0 0 0
20120605 11:19:41 4 0 4 0 0 0 1 91 9 550 1536 0 211 0 0.70 0.53 0.32 0 0 11 11 1 4 0 0 0 0 0 0 0 0 0 0 0 0 0 0
20120605 11:19:46 4 0 4 0 0 0 2 89 11 932 2061 0 211 0 0.65 0.52 0.31 0 0 77 80 4 23 0 0 0 0 0 0 0 0 0 0 0 0 0 0
20120605 11:19:51 5 0 4 0 0 0 3 88 12 622 1667 0 211 0 0.59 0.51 0.31 0 0 19 20 1 7 0 0 0 0 0 0 0 0 0 0 0 0 0 0
20120605 11:19:56 4 0 4 0 0 0 2 89 11 643 1677 0 211 0 0.55 0.50 0.31 0 0 21 21 1 7 0 0 0 0 0 0 0 0 0 0 0 0 0 0
20120605 11:20:01 4 0 4 0 0 0 2 90 10 493 1386 0 211 2 0.58 0.51 0.31 2 0 8 8 0 3 0 0 0 0 0 0 0 0 0 0 0 0 0 0
20120605 11:20:06 3 0 3 0 0 0 1 92 8 424 1196 0 211 2 0.54 0.50 0.31 2 0 8 8 0 3 0 0 0 0 0 0 0 0 0 0 0 0 0 0
20120605 11:20:11 6 0 6 0 0 1 4 84 16 1206 2900 0 211 0 0.49 0.49 0.31 0 0 100 108 5 32 0 0 0 0 0 0 0 0 0 0 0 0 0 0
20120605 11:20:16 5 0 5 0 0 0 3 87 13 862 2102 0 211 0 0.45 0.48 0.31 0 0 55 57 3 20 0 0 0 0 0 0 0 0 0 0 0 0 0 0
20120605 11:20:21 5 0 4 0 0 0 2 88 12 822 1990 0 211 0 0.58 0.51 0.32 0 0 44 46 2 14 0 0 0 0 0 0 0 0 0 0 0 0 0 0
20120605 11:20:26 4 0 5 0 0 0 2 89 11 800 1852 0 211 2 0.53 0.50 0.32 2 0 50 54 3 16 0 0 0 0 0 0 0 0 0 0 0 0 0 0
20120605 11:20:31 7 0 5 0 0 1 3 84 16 1358 2950 0 211 0 0.49 0.49 0.32 0 0 121 129 6 37 0 0 0 0 0 0 0 0 0 0 0 0 0 0
20120605 11:20:36 5 0 5 0 0 0 2 87 13 954 2305 0 211 0 0.45 0.48 0.31 0 0 53 53 3 20 0 0 0 0 0 0 0 0 0 0 0 0 0 0
20120605 11:20:41 5 0 4 0 0 0 2 88 12 845 2088 0 211 0 0.57 0.51 0.32 0 0 46 55 2 15 0 0 0 0 0 0 0 0 0 0 0 0 0 0
20120605 11:20:46 4 0 4 0 0 0 2 90 10 758 1771 0 211 2 0.53 0.50 0.32 2 0 46 48 2 16 0 0 0 0 0 0 0 0 0 0 0 0 0 0
20120605 11:20:51 3 0 3 0 0 0 2 91 9 706 1578 0 211 0 0.49 0.49 0.32 0 0 61 66 3 18 0 0 0 0 0 0 0 0 0 0 0 0 0 0
20120605 11:20:56 0 0 0 0 0 0 0 100 0 21 25 0 211 0 0.45 0.48 0.32 0 0 3 4 0 1 0 0 0 0 0 0 0 0 0 0 0 0 0 0
20120605 11:21:01 2 0 2 0 0 0 1 95 5 856 957 0 211 1 0.41 0.48 0.32 0 0 128 121 16 14 0 0 0 0 0 0 0 0 0 0 0 0 0 0
################################################################################
# Collectl:   V3.6.1-4  HiRes: 1  Options: -i 5 --plot --filename cpu 
# Host:       ip-10-111-15-73  DaemonOpts: 
# Distro:     debian wheezy/sid, Ubuntu 11.10  Platform: 
# Date:       20120605-110430  Secs: 1338894270 TZ: +0000
# SubSys:     cdn Options:  Interval: 5 NumCPUs: 2 [HYPER] NumBud: 0 Flags: i
# Filters:    NfsFilt:  EnvFilt: 
# HZ:         100  Arch: x86_64-linux-gnu-thread-multi PageSize: 4096
# Cpu:        GenuineIntel Speed(MHz): 2266.746 Cores: 1  Siblings: 2 Nodes: 1
# Kernel:     3.0.0-16-virtual  Memory: 7645720 kB  Swap: 0 kB
# NumDisks:   1 DiskNames: xvdb
# NumNets:    2 NetNames: lo: eth0:
################################################################################
#Date Time [CPU]User% [CPU]Nice% [CPU]Sys% [CPU]Wait% [CPU]Irq% [CPU]Soft% [CPU]Steal% [CPU]Idle% [CPU]Totl% [CPU]Intrpt/sec [CPU]Ctx/sec [CPU]Proc/sec [CPU]ProcQue [CPU]ProcRun [CPU]L-Avg1 [CPU]L-Avg5 [CPU]L-Avg15 [CPU]RunTot [CPU]BlkTot [NET]RxPktTot [NET]TxPktTot [NET]RxKBTot [NET]TxKBTot [NET]RxCmpTot [NET]RxMltTot [NET]TxCmpTot [NET]RxErrsTot [NET]TxErrsTot [DSK]ReadTot [DSK]WriteTot [DSK]OpsTot [DSK]ReadKBTot [DSK]WriteKBTot [DSK]KbTot [DSK]ReadMrgTot [DSK]WriteMrgTot [DSK]MrgTot
20120605 11:21:06 7 0 5 0 0 1 2 85 15 2429 3229 0 211 0 0.38 0.47 0.31 0 0 255 255 20 45 0 0 0 0 0 0 0 0 0 0 0 0 0 0
20120605 11:21:11 7 0 5 0 0 1 3 85 15 2028 3088 0 211 0 0.35 0.46 0.31 0 0 255 251 20 43 0 0 0 0 0 0 0 0 0 0 0 0 0 0
20120605 11:21:16 7 0 5 0 0 0 2 86 14 2154 2920 0 211 2 0.40 0.47 0.32 3 0 253 255 21 42 0 0 0 0 0 0 0 0 0 0 0 0 0 0
20120605 11:21:21 5 0 3 0 0 0 1 90 10 1608 2216 0 211 0 0.37 0.46 0.32 0 0 187 187 13 35 0 0 0 0 0 0 0 0 0 0 0 0 0 0
20120605 11:21:26 6 0 4 0 0 1 2 87 13 2021 2759 0 211 0 0.34 0.45 0.31 0 0 206 207 11 43 0 0 0 0 0 0 0 0 0 0 0 0 0 0
20120605 11:21:31 9 0 7 0 0 1 2 81 19 2938 3923 0 211 0 0.31 0.45 0.31 0 0 344 341 31 57 0 0 0 0 0 0 0 0 0 0 0 0 0 0
20120605 11:21:36 9 0 7 0 0 1 2 80 20 2854 3654 0 211 2 0.29 0.44 0.31 2 0 207 214 13 43 0 0 0 0 0 0 0 0 0 0 0 0 0 0
20120605 11:21:41 12 0 10 0 0 1 5 72 28 4530 6215 0 211 0 0.26 0.43 0.31 0 0 369 373 32 70 0 0 0 0 0 0 0 0 0 0 0 0 0 0
20120605 11:21:46 11 0 10 0 0 1 5 72 28 3878 5448 0 211 0 0.24 0.42 0.31 0 0 355 343 31 61 0 0 0 0 0 0 0 0 0 0 0 0 0 0
20120605 11:21:51 12 0 10 0 0 1 4 72 28 3892 5665 0 211 3 0.38 0.45 0.32 1 0 361 365 30 66 0 0 0 0 0 0 0 0 0 0 0 0 0 0
20120605 11:21:56 10 0 8 0 0 1 3 77 23 3496 4401 0 211 1 0.35 0.44 0.32 2 0 302 295 24 54 0 0 0 0 0 0 0 0 0 0 0 0 0 0
20120605 11:22:01 14 0 11 0 0 2 7 66 34 4239 5743 0 211 1 0.32 0.44 0.31 1 0 455 454 41 77 0 0 0 0 0 0 0 0 0 0 0 0 0 0
20120605 11:22:06 11 0 9 0 0 1 3 75 25 3407 4376 0 211 0 0.30 0.43 0.31 0 0 283 277 25 49 0 0 0 0 0 0 0 0 0 0 0 0 0 0
20120605 11:22:11 12 0 9 0 0 2 4 73 27 4197 4833 0 211 0 0.27 0.42 0.31 0 0 340 331 29 61 0 0 0 0 0 0 0 0 0 0 0 0 0 0
20120605 11:22:16 12 0 9 0 0 1 4 74 26 3755 5810 0 211 2 0.25 0.41 0.31 3 0 345 336 31 62 0 0 0 0 0 0 0 0 0 0 0 0 0 0
20120605 11:22:21 12 0 9 0 0 1 4 73 27 4518 5556 0 211 0 0.23 0.41 0.31 0 0 287 301 18 70 0 0 0 0 0 0 0 0 0 0 0 0 0 0
20120605 11:22:26 11 0 9 0 0 1 4 75 25 3848 4593 0 211 0 0.21 0.40 0.31 0 0 264 270 14 62 0 0 0 0 0 0 0 0 0 0 0 0 0 0
20120605 11:22:31 12 0 7 0 0 1 4 76 24 3578 4429 0 211 0 0.20 0.39 0.31 0 0 244 250 13 57 0 0 0 0 0 0 0 0 0 0 0 0 0 0
20120605 11:22:36 11 0 10 0 0 1 4 73 27 3708 5637 0 211 3 0.18 0.39 0.30 2 0 361 356 30 65 0 0 0 0 0 0 0 0 0 0 0 0 0 0
20120605 11:22:41 12 0 10 0 0 1 4 72 28 3990 5155 0 211 1 0.17 0.38 0.30 3 0 460 446 50 64 0 0 0 0 0 0 0 0 0 0 0 0 0 0
20120605 11:22:46 9 0 8 0 0 1 3 79 21 2902 4284 0 211 0 0.15 0.37 0.30 0 0 189 196 11 44 0 0 0 0 0 0 0 0 0 0 0 0 0 0
20120605 11:22:51 12 0 9 0 0 1 4 75 25 3798 5018 0 211 0 0.14 0.37 0.30 0 0 264 271 16 60 0 0 0 0 0 0 0 0 0 0 0 0 0 0
################################################################################
# Collectl:   V3.6.1-4  HiRes: 1  Options: -i 5 --plot --filename cpu 
# Host:       ip-10-111-15-73  DaemonOpts: 
# Distro:     debian wheezy/sid, Ubuntu 11.10  Platform: 
# Date:       20120605-110430  Secs: 1338894270 TZ: +0000
# SubSys:     cdn Options:  Interval: 5 NumCPUs: 2 [HYPER] NumBud: 0 Flags: i
# Filters:    NfsFilt:  EnvFilt: 
# HZ:         100  Arch: x86_64-linux-gnu-thread-multi PageSize: 4096
# Cpu:        GenuineIntel Speed(MHz): 2266.746 Cores: 1  Siblings: 2 Nodes: 1
# Kernel:     3.0.0-16-virtual  Memory: 7645720 kB  Swap: 0 kB
# NumDisks:   1 DiskNames: xvdb
# NumNets:    2 NetNames: lo: eth0:
################################################################################
#Date Time [CPU]User% [CPU]Nice% [CPU]Sys% [CPU]Wait% [CPU]Irq% [CPU]Soft% [CPU]Steal% [CPU]Idle% [CPU]Totl% [CPU]Intrpt/sec [CPU]Ctx/sec [CPU]Proc/sec [CPU]ProcQue [CPU]ProcRun [CPU]L-Avg1 [CPU]L-Avg5 [CPU]L-Avg15 [CPU]RunTot [CPU]BlkTot [NET]RxPktTot [NET]TxPktTot [NET]RxKBTot [NET]TxKBTot [NET]RxCmpTot [NET]RxMltTot [NET]TxCmpTot [NET]RxErrsTot [NET]TxErrsTot [DSK]ReadTot [DSK]WriteTot [DSK]OpsTot [DSK]ReadKBTot [DSK]WriteKBTot [DSK]KbTot [DSK]ReadMrgTot [DSK]WriteMrgTot [DSK]MrgTot
20120605 11:22:56 10 0 8 0 0 1 4 77 23 3512 4274 0 211 2 0.13 0.36 0.30 2 0 254 260 14 58 0 0 0 0 0 0 0 0 0 0 0 0 0 0
20120605 11:23:01 13 0 9 0 0 1 4 73 27 3709 5610 0 211 1 0.12 0.36 0.30 0 0 362 358 34 58 0 0 0 0 0 0 0 0 0 0 0 0 0 0
20120605 11:23:06 11 0 9 0 0 1 5 74 26 4081 4876 0 211 0 0.11 0.35 0.30 0 0 286 297 17 63 0 0 0 0 0 0 0 0 0 0 0 0 0 0
20120605 11:23:11 11 0 9 0 0 1 4 74 26 3884 4798 0 211 0 0.10 0.34 0.29 0 0 272 284 16 63 0 0 0 0 0 0 0 0 0 0 0 0 0 0
20120605 11:23:16 4 0 3 0 0 0 1 91 9 1579 1793 0 211 0 0.09 0.34 0.29 0 0 53 53 3 15 0 0 0 0 0 0 0 0 0 0 0 0 0 0
20120605 11:23:21 3 0 3 0 0 0 1 92 8 911 1345 0 211 0 0.09 0.33 0.29 0 0 13 12 1 5 0 0 0 0 0 0 0 0 0 0 0 0 0 0
20120605 11:23:26 4 0 4 0 0 0 2 90 10 666 1517 0 210 0 0.08 0.33 0.29 0 0 8 9 0 3 0 0 0 0 0 0 0 0 0 0 0 0 0 0
20120605 11:23:31 6 0 5 0 0 1 2 86 14 1278 2809 1 211 4 0.23 0.36 0.30 3 0 106 109 6 24 0 0 0 0 0 0 0 0 0 0 0 0 0 0
20120605 11:23:36 11 0 8 0 0 1 3 77 23 3575 4662 0 211 2 0.21 0.35 0.30 2 0 271 272 16 58 0 0 0 0 0 0 0 0 0 0 0 0 0 0
20120605 11:23:41 12 0 9 0 0 1 5 72 28 3921 4863 0 211 3 0.20 0.34 0.30 3 0 421 416 44 65 0 0 0 0 0 0 0 0 0 0 0 0 0 0
20120605 11:23:46 5 0 4 0 0 0 1 90 10 1797 2366 0 211 1 0.18 0.34 0.29 0 0 233 228 21 37 0 0 0 0 0 0 0 0 0 0 0 0 0 0
20120605 11:23:51 7 0 5 0 0 1 2 86 14 2310 3127 0 211 0 0.17 0.33 0.29 0 0 268 270 21 47 0 0 0 0 0 0 0 0 0 0 0 0 0 0
20120605 11:23:56 7 0 5 0 0 1 1 86 14 2135 3429 0 211 4 0.15 0.33 0.29 5 0 277 276 23 47 0 0 0 0 0 0 0 0 0 0 0 0 0 0
20120605 11:24:01 10 0 6 0 0 1 3 80 20 2863 3757 0 211 2 0.15 0.33 0.29 3 0 389 373 42 53 0 0 0 0 0 0 0 0 0 0 0 0 0 0
20120605 11:24:06 9 0 7 0 0 1 2 81 19 2696 3415 0 211 0 0.14 0.32 0.29 0 0 256 250 25 40 0 0 0 0 0 0 0 0 0 0 0 0 0 0
20120605 11:24:11 13 0 9 0 0 1 5 72 28 4001 5545 0 211 0 0.13 0.32 0.29 0 0 323 318 26 63 0 0 0 0 0 0 0 0 0 0 0 0 0 0
20120605 11:24:16 12 0 8 0 0 1 5 73 27 3657 4875 0 211 1 0.12 0.31 0.29 1 0 324 322 27 64 0 0 0 0 0 0 0 0 0 0 0 0 0 0
20120605 11:24:21 13 0 10 0 0 1 5 71 29 4435 5872 0 211 2 0.11 0.31 0.29 2 0 470 466 48 71 0 0 0 0 0 0 0 0 0 0 0 0 0 0
20120605 11:24:26 12 0 8 0 0 1 4 75 25 3644 5218 0 211 0 0.10 0.30 0.28 0 0 324 323 28 59 0 0 0 0 0 0 0 0 0 0 0 0 0 0
20120605 11:24:31 12 0 8 0 0 1 3 76 24 3670 5263 0 211 0 0.09 0.30 0.28 0 0 310 316 25 59 0 0 0 0 0 0 0 0 0 0 0 0 0 0
20120605 11:24:36 10 0 8 0 0 1 5 76 24 3272 4576 0 211 1 0.09 0.29 0.28 1 0 284 286 21 55 0 0 0 0 0 0 0 0 0 0 0 0 0 0
20120605 11:24:41 11 0 9 0 0 1 4 75 25 3537 5113 0 211 0 0.08 0.29 0.28 0 0 360 360 34 60 0 0 0 0 0 0 0 0 0 0 0 0 0 0
################################################################################
# Collectl:   V3.6.1-4  HiRes: 1  Options: -i 5 --plot --filename cpu 
# Host:       ip-10-111-15-73  DaemonOpts: 
# Distro:     debian wheezy/sid, Ubuntu 11.10  Platform: 
# Date:       20120605-110430  Secs: 1338894270 TZ: +0000
# SubSys:     cdn Options:  Interval: 5 NumCPUs: 2 [HYPER] NumBud: 0 Flags: i
# Filters:    NfsFilt:  EnvFilt: 
# HZ:         100  Arch: x86_64-linux-gnu-thread-multi PageSize: 4096
# Cpu:        GenuineIntel Speed(MHz): 2266.746 Cores: 1  Siblings: 2 Nodes: 1
# Kernel:     3.0.0-16-virtual  Memory: 7645720 kB  Swap: 0 kB
# NumDisks:   1 DiskNames: xvdb
# NumNets:    2 NetNames: lo: eth0:
################################################################################
#Date Time [CPU]User% [CPU]Nice% [CPU]Sys% [CPU]Wait% [CPU]Irq% [CPU]Soft% [CPU]Steal% [CPU]Idle% [CPU]Totl% [CPU]Intrpt/sec [CPU]Ctx/sec [CPU]Proc/sec [CPU]ProcQue [CPU]ProcRun [CPU]L-Avg1 [CPU]L-Avg5 [CPU]L-Avg15 [CPU]RunTot [CPU]BlkTot [NET]RxPktTot [NET]TxPktTot [NET]RxKBTot [NET]TxKBTot [NET]RxCmpTot [NET]RxMltTot [NET]TxCmpTot [NET]RxErrsTot [NET]TxErrsTot [DSK]ReadTot [DSK]WriteTot [DSK]OpsTot [DSK]ReadKBTot [DSK]WriteKBTot [DSK]KbTot [DSK]ReadMrgTot [DSK]WriteMrgTot [DSK]MrgTot
20120605 11:24:46 9 0 7 0 0 1 3 79 21 3185 4265 0 211 0 0.07 0.28 0.28 0 0 247 243 20 46 0 0 0 0 0 0 0 0 0 0 0 0 0 0
20120605 11:24:51 12 0 10 0 0 1 4 73 27 3482 5493 0 211 0 0.07 0.28 0.28 0 0 299 303 23 57 0 0 0 0 0 0 0 0 0 0 0 0 0 0
20120605 11:24:56 9 0 8 0 0 1 4 77 23 3228 4446 0 211 1 0.06 0.27 0.28 2 0 280 283 23 51 0 0 0 0 0 0 0 0 0 0 0 0 0 0
20120605 11:25:01 14 0 12 0 0 1 5 68 32 4738 6950 0 211 1 0.06 0.27 0.27 1 0 442 454 41 80 0 0 0 0 0 0 0 0 0 0 0 0 0 0
20120605 11:25:06 10 0 7 0 0 1 4 78 22 3108 4052 0 211 0 0.05 0.26 0.27 0 0 222 223 13 48 0 0 0 0 0 0 0 0 0 0 0 0 0 0
20120605 11:25:11 13 0 10 0 0 1 5 71 29 4215 6127 0 211 2 0.05 0.26 0.27 1 0 376 377 32 69 0 0 0 0 0 0 0 0 0 0 0 0 0 0
20120605 11:25:16 12 0 9 0 0 1 4 74 26 3092 4939 0 211 1 0.04 0.25 0.27 3 0 338 332 31 57 0 0 0 0 0 0 0 0 0 0 0 0 0 0
20120605 11:25:21 14 0 11 0 0 1 6 69 31 4258 5832 0 211 1 0.04 0.25 0.27 2 0 362 368 32 68 0 0 0 0 0 0 0 0 0 0 0 0 0 0
20120605 11:25:26 11 0 8 0 0 1 3 77 23 3800 5611 0 211 0 0.04 0.25 0.27 0 0 312 303 30 56 0 0 0 0 0 0 0 0 0 0 0 0 0 0
20120605 11:25:31 10 0 9 0 0 1 4 75 25 3795 4728 0 211 0 0.03 0.24 0.27 0 0 255 259 14 59 0 0 0 0 0 0 0 0 0 0 0 0 0 0
20120605 11:25:36 11 0 9 0 0 1 3 76 24 3748 4977 0 211 2 0.03 0.24 0.26 3 0 276 277 18 62 0 0 0 0 0 0 0 0 0 0 0 0 0 0
20120605 11:25:41 11 0 8 0 0 1 4 76 24 3795 4674 0 211 0 0.03 0.23 0.26 0 0 319 313 31 59 0 0 0 0 0 0 0 0 0 0 0 0 0 0
20120605 11:25:46 6 0 6 0 0 0 2 86 14 1928 2737 0 211 0 0.03 0.23 0.26 0 0 110 108 6 26 0 0 0 0 0 0 0 0 0 0 0 0 0 0
20120605 11:25:51 3 0 3 0 0 0 1 92 8 1079 1495 0 211 1 0.02 0.23 0.26 0 0 17 18 1 6 0 0 0 0 0 0 0 0 0 0 0 0 0 0
20120605 11:25:56 4 0 4 0 0 0 2 90 10 552 1439 0 211 1 0.02 0.22 0.26 0 0 6 7 0 1 0 0 0 0 0 0 0 0 0 0 0 0 0 0
20120605 11:26:01 8 0 7 0 0 1 3 82 18 1698 3375 0 211 0 0.02 0.22 0.26 0 0 165 158 16 33 0 0 0 0 0 0 0 0 0 0 0 0 0 0
20120605 11:26:06 11 0 9 0 0 1 4 74 26 4040 4780 0 211 1 0.02 0.22 0.26 2 0 320 315 26 63 0 0 0 0 0 0 0 0 0 0 0 0 0 0
20120605 11:26:11 11 0 10 0 0 1 4 74 26 3708 4812 0 211 3 0.02 0.21 0.25 2 0 288 287 21 56 0 0 0 0 0 0 0 0 0 0 0 0 0 0
20120605 11:26:16 7 0 6 0 0 1 3 83 17 2592 3603 0 211 2 0.02 0.21 0.25 3 0 284 288 25 51 0 0 0 0 0 0 0 0 0 0 0 0 0 0
20120605 11:26:21 5 0 4 0 0 0 1 90 10 1623 2321 0 211 0 0.01 0.20 0.25 0 0 185 186 13 35 0 0 0 0 0 0 0 0 0 0 0 0 0 0
20120605 11:26:26 6 0 4 0 0 1 2 87 13 2003 2873 0 211 0 0.01 0.20 0.25 0 0 210 214 12 43 0 0 0 0 0 0 0 0 0 0 0 0 0 0
20120605 11:26:31 6 0 5 0 0 0 2 87 13 2144 2765 0 211 0 0.01 0.20 0.25 0 0 233 238 16 44 0 0 0 0 0 0 0 0 0 0 0 0 0 0
################################################################################
# Collectl:   V3.6.1-4  HiRes: 1  Options: -i 5 --plot --filename cpu 
# Host:       ip-10-111-15-73  DaemonOpts: 
# Distro:     debian wheezy/sid, Ubuntu 11.10  Platform: 
# Date:       20120605-110430  Secs: 1338894270 TZ: +0000
# SubSys:     cdn Options:  Interval: 5 NumCPUs: 2 [HYPER] NumBud: 0 Flags: i
# Filters:    NfsFilt:  EnvFilt: 
# HZ:         100  Arch: x86_64-linux-gnu-thread-multi PageSize: 4096
# Cpu:        GenuineIntel Speed(MHz): 2266.746 Cores: 1  Siblings: 2 Nodes: 1
# Kernel:     3.0.0-16-virtual  Memory: 7645720 kB  Swap: 0 kB
# NumDisks:   1 DiskNames: xvdb
# NumNets:    2 NetNames: lo: eth0:
################################################################################
#Date Time [CPU]User% [CPU]Nice% [CPU]Sys% [CPU]Wait% [CPU]Irq% [CPU]Soft% [CPU]Steal% [CPU]Idle% [CPU]Totl% [CPU]Intrpt/sec [CPU]Ctx/sec [CPU]Proc/sec [CPU]ProcQue [CPU]ProcRun [CPU]L-Avg1 [CPU]L-Avg5 [CPU]L-Avg15 [CPU]RunTot [CPU]BlkTot [NET]RxPktTot [NET]TxPktTot [NET]RxKBTot [NET]TxKBTot [NET]RxCmpTot [NET]RxMltTot [NET]TxCmpTot [NET]RxErrsTot [NET]TxErrsTot [DSK]ReadTot [DSK]WriteTot [DSK]OpsTot [DSK]ReadKBTot [DSK]WriteKBTot [DSK]KbTot [DSK]ReadMrgTot [DSK]WriteMrgTot [DSK]MrgTot
20120605 11:26:36 6 0 4 0 0 1 1 88 12 1865 2926 0 211 1 0.01 0.19 0.25 2 0 205 212 13 40 0 0 0 0 0 0 0 0 0 0 0 0 0 0
20120605 11:26:41 5 0 4 0 0 1 2 89 11 1716 2366 0 211 1 0.01 0.19 0.25 0 0 206 212 15 39 0 0 0 0 0 0 0 0 0 0 0 0 0 0
20120605 11:26:46 6 0 5 0 0 1 2 86 14 2146 3007 0 211 0 0.01 0.19 0.24 0 0 234 237 16 44 0 0 0 0 0 0 0 0 0 0 0 0 0 0
20120605 11:26:51 7 0 4 0 0 1 2 86 14 2089 2915 0 211 0 0.01 0.18 0.24 0 0 233 232 16 44 0 0 0 0 0 0 0 0 0 0 0 0 0 0
20120605 11:26:56 8 0 6 0 0 1 3 83 17 2497 3526 0 211 2 0.01 0.18 0.24 3 0 309 306 30 49 0 0 0 0 0 0 0 0 0 0 0 0 0 0
20120605 11:27:01 5 0 4 0 0 1 1 89 11 1946 2438 0 211 1 0.01 0.18 0.24 0 0 223 218 20 37 0 0 0 0 0 0 0 0 0 0 0 0 0 0
20120605 11:27:06 7 0 5 0 0 1 1 86 14 2552 3652 0 211 0 0.01 0.18 0.24 0 0 278 271 24 46 0 0 0 0 0 0 0 0 0 0 0 0 0 0
20120605 11:27:11 6 0 5 0 0 1 2 86 14 2385 3231 0 211 0 0.01 0.17 0.24 0 0 273 270 22 46 0 0 0 0 0 0 0 0 0 0 0 0 0 0
20120605 11:27:16 8 0 6 0 0 1 1 84 16 3002 3782 0 211 2 0.01 0.17 0.23 3 0 367 367 38 53 0 0 0 0 0 0 0 0 0 0 0 0 0 0
20120605 11:27:21 5 0 3 0 0 1 1 90 10 1832 2274 0 211 0 0.01 0.17 0.23 0 0 209 212 17 37 0 0 0 0 0 0 0 0 0 0 0 0 0 0
20120605 11:27:26 7 0 5 0 0 1 2 86 14 2291 3190 0 211 0 0.01 0.16 0.23 0 0 261 266 21 46 0 0 0 0 0 0 0 0 0 0 0 0 0 0
20120605 11:27:31 6 0 5 0 0 1 1 86 14 2274 3064 0 211 0 0.00 0.16 0.23 0 0 252 256 19 46 0 0 0 0 0 0 0 0 0 0 0 0 0 0
20120605 11:27:36 7 0 4 0 0 1 2 86 14 2309 3426 0 211 3 0.00 0.16 0.23 2 0 265 269 22 45 0 0 0 0 0 0 0 0 0 0 0 0 0 0
20120605 11:27:41 5 0 4 0 0 1 2 89 11 1585 2479 0 211 1 0.00 0.16 0.23 0 0 172 175 10 34 0 0 0 0 0 0 0 0 0 0 0 0 0 0
20120605 11:27:46 6 0 4 0 0 1 2 87 13 1952 2920 0 211 0 0.00 0.15 0.23 0 0 217 221 13 43 0 0 0 0 0 0 0 0 0 0 0 0 0 0
20120605 11:27:51 6 0 4 0 0 1 2 87 13 2010 2895 0 211 0 0.00 0.15 0.22 0 0 222 225 13 43 0 0 0 0 0 0 0 0 0 0 0 0 0 0
20120605 11:27:56 8 0 5 0 0 1 2 85 15 2448 3446 0 211 3 0.00 0.15 0.22 2 0 310 305 28 49 0 0 0 0 0 0 0 0 0 0 0 0 0 0
20120605 11:28:01 9 0 6 0 0 1 2 82 18 2747 3868 0 211 2 0.00 0.15 0.22 3 0 381 373 39 53 0 0 0 0 0 0 0 0 0 0 0 0 0 0
20120605 11:28:06 6 0 5 0 0 0 1 87 13 1968 3615 0 211 0 0.00 0.14 0.22 0 0 260 257 25 39 0 0 0 0 0 0 0 0 0 0 0 0 0 0
20120605 11:28:11 7 0 5 0 0 1 2 85 15 2482 3696 0 211 0 0.00 0.14 0.22 0 0 305 309 28 49 0 0 0 0 0 0 0 0 0 0 0 0 0 0
20120605 11:28:16 1 0 1 0 0 0 0 98 2 275 466 0 211 1 0.00 0.14 0.22 0 0 30 31 2 6 0 0 0 0 0 0 0 0 0 0 0 0 0 0
20120605 11:28:21 0 0 0 0 0 0 0 100 0 18 19 0 211 0 0.00 0.14 0.22 0 0 1 1 0 0 0 0 0 0 0 0 0 0 0 0 0 0 0 0
################################################################################
# Collectl:   V3.6.1-4  HiRes: 1  Options: -i 5 --plot --filename cpu 
# Host:       ip-10-111-15-73  DaemonOpts: 
# Distro:     debian wheezy/sid, Ubuntu 11.10  Platform: 
# Date:       20120605-110430  Secs: 1338894270 TZ: +0000
# SubSys:     cdn Options:  Interval: 5 NumCPUs: 2 [HYPER] NumBud: 0 Flags: i
# Filters:    NfsFilt:  EnvFilt: 
# HZ:         100  Arch: x86_64-linux-gnu-thread-multi PageSize: 4096
# Cpu:        GenuineIntel Speed(MHz): 2266.746 Cores: 1  Siblings: 2 Nodes: 1
# Kernel:     3.0.0-16-virtual  Memory: 7645720 kB  Swap: 0 kB
# NumDisks:   1 DiskNames: xvdb
# NumNets:    2 NetNames: lo: eth0:
################################################################################
#Date Time [CPU]User% [CPU]Nice% [CPU]Sys% [CPU]Wait% [CPU]Irq% [CPU]Soft% [CPU]Steal% [CPU]Idle% [CPU]Totl% [CPU]Intrpt/sec [CPU]Ctx/sec [CPU]Proc/sec [CPU]ProcQue [CPU]ProcRun [CPU]L-Avg1 [CPU]L-Avg5 [CPU]L-Avg15 [CPU]RunTot [CPU]BlkTot [NET]RxPktTot [NET]TxPktTot [NET]RxKBTot [NET]TxKBTot [NET]RxCmpTot [NET]RxMltTot [NET]TxCmpTot [NET]RxErrsTot [NET]TxErrsTot [DSK]ReadTot [DSK]WriteTot [DSK]OpsTot [DSK]ReadKBTot [DSK]WriteKBTot [DSK]KbTot [DSK]ReadMrgTot [DSK]WriteMrgTot [DSK]MrgTot
20120605 11:28:26 0 0 0 0 0 0 0 100 0 21 23 0 211 0 0.00 0.13 0.22 0 0 2 2 0 0 0 0 0 0 0 0 0 0 0 0 0 0 0 0
20120605 11:28:31 0 0 0 0 0 0 0 100 0 24 23 0 211 0 0.00 0.13 0.22 0 0 5 5 0 0 0 0 0 0 0 0 0 0 0 0 0 0 0 0
20120605 11:28:36 0 0 0 0 0 0 0 100 0 19 21 0 211 0 0.00 0.13 0.22 0 0 2 2 0 0 0 0 0 0 0 0 0 0 0 0 0 0 0 0
20120605 11:28:41 5 0 4 0 0 1 1 90 10 2137 2664 0 211 0 0.00 0.13 0.22 0 0 242 236 23 37 0 0 0 0 0 0 0 0 0 0 0 0 0 0
20120605 11:28:46 7 0 5 0 0 1 1 87 13 2508 3228 0 211 1 0.00 0.13 0.21 1 0 302 307 26 49 0 0 0 0 0 0 0 0 0 0 0 0 0 0
20120605 11:28:51 8 0 7 0 0 1 3 81 19 3169 3967 0 211 2 0.00 0.12 0.21 2 0 433 427 47 58 0 0 0 0 0 0 0 0 0 0 0 0 0 0
20120605 11:28:56 5 0 3 0 0 0 2 90 10 1698 2271 0 211 0 0.00 0.12 0.21 0 0 160 163 9 32 0 0 0 0 0 0 0 0 0 0 0 0 0 0
20120605 11:29:01 7 0 4 0 0 1 1 87 13 1905 3113 0 211 0 0.00 0.12 0.21 0 0 204 211 11 42 0 0 0 0 0 0 0 0 0 0 0 0 0 0
20120605 11:29:06 8 0 5 0 0 1 2 84 16 2771 3649 0 211 3 0.00 0.12 0.21 3 0 334 340 32 50 0 0 0 0 0 0 0 0 0 0 0 0 0 0
20120605 11:29:11 5 0 4 0 0 0 1 90 10 1805 2493 0 211 0 0.00 0.12 0.21 0 0 193 194 14 35 0 0 0 0 0 0 0 0 0 0 0 0 0 0
20120605 11:29:16 7 0 5 0 0 1 1 87 13 2159 3208 0 211 0 0.00 0.11 0.21 0 0 245 248 18 45 0 0 0 0 0 0 0 0 0 0 0 0 0 0
20120605 11:29:21 7 0 5 0 0 1 3 85 15 2147 3130 0 211 0 0.00 0.11 0.21 0 0 243 247 17 45 0 0 0 0 0 0 0 0 0 0 0 0 0 0
20120605 11:29:26 6 0 5 0 0 0 1 87 13 2086 3276 0 211 3 0.00 0.11 0.21 3 0 261 268 21 46 0 0 0 0 0 0 0 0 0 0 0 0 0 0
20120605 11:29:31 5 0 3 0 0 0 1 90 10 1643 2429 0 211 1 0.00 0.11 0.21 0 0 169 172 10 34 0 0 0 0 0 0 0 0 0 0 0 0 0 0
20120605 11:29:36 6 0 5 0 0 1 2 86 14 2170 3085 0 211 1 0.00 0.11 0.20 0 0 241 242 17 45 0 0 0 0 0 0 0 0 0 0 0 0 0 0
20120605 11:29:41 6 0 4 0 0 1 1 87 13 1942 2813 0 211 0 0.00 0.10 0.20 0 0 213 216 12 43 0 0 0 0 0 0 0 0 0 0 0 0 0 0
20120605 11:29:46 7 0 5 0 0 1 2 85 15 2423 3372 0 211 1 0.00 0.10 0.20 1 0 299 289 29 47 0 0 0 0 0 0 0 0 0 0 0 0 0 0
20120605 11:29:51 5 0 3 0 0 0 1 90 10 1739 2395 0 211 1 0.00 0.10 0.20 1 0 187 190 13 35 0 0 0 0 0 0 0 0 0 0 0 0 0 0
20120605 11:29:56 6 0 6 0 0 1 2 86 14 1986 3154 0 211 0 0.00 0.10 0.20 0 0 231 235 15 44 0 0 0 0 0 0 0 0 0 0 0 0 0 0
20120605 11:30:01 7 0 4 0 0 1 2 87 13 1999 2720 0 211 0 0.00 0.10 0.20 0 0 202 203 10 42 0 0 0 0 0 0 0 0 0 0 0 0 0 0
20120605 11:30:06 6 0 4 0 0 1 2 87 13 1914 2784 0 211 0 0.00 0.10 0.20 0 0 209 212 11 43 0 0 0 0 0 0 0 0 0 0 0 0 0 0
20120605 11:30:11 8 0 6 0 0 1 2 84 16 2848 3734 0 211 1 0.00 0.10 0.20 3 0 374 368 40 52 0 0 0 0 0 0 0 0 0 0 0 0 0 0
################################################################################
# Collectl:   V3.6.1-4  HiRes: 1  Options: -i 5 --plot --filename cpu 
# Host:       ip-10-111-15-73  DaemonOpts: 
# Distro:     debian wheezy/sid, Ubuntu 11.10  Platform: 
# Date:       20120605-110430  Secs: 1338894270 TZ: +0000
# SubSys:     cdn Options:  Interval: 5 NumCPUs: 2 [HYPER] NumBud: 0 Flags: i
# Filters:    NfsFilt:  EnvFilt: 
# HZ:         100  Arch: x86_64-linux-gnu-thread-multi PageSize: 4096
# Cpu:        GenuineIntel Speed(MHz): 2266.746 Cores: 1  Siblings: 2 Nodes: 1
# Kernel:     3.0.0-16-virtual  Memory: 7645720 kB  Swap: 0 kB
# NumDisks:   1 DiskNames: xvdb
# NumNets:    2 NetNames: lo: eth0:
################################################################################
#Date Time [CPU]User% [CPU]Nice% [CPU]Sys% [CPU]Wait% [CPU]Irq% [CPU]Soft% [CPU]Steal% [CPU]Idle% [CPU]Totl% [CPU]Intrpt/sec [CPU]Ctx/sec [CPU]Proc/sec [CPU]ProcQue [CPU]ProcRun [CPU]L-Avg1 [CPU]L-Avg5 [CPU]L-Avg15 [CPU]RunTot [CPU]BlkTot [NET]RxPktTot [NET]TxPktTot [NET]RxKBTot [NET]TxKBTot [NET]RxCmpTot [NET]RxMltTot [NET]TxCmpTot [NET]RxErrsTot [NET]TxErrsTot [DSK]ReadTot [DSK]WriteTot [DSK]OpsTot [DSK]ReadKBTot [DSK]WriteKBTot [DSK]KbTot [DSK]ReadMrgTot [DSK]WriteMrgTot [DSK]MrgTot
20120605 11:30:16 6 0 4 0 0 1 1 89 11 1793 2559 0 211 1 0.00 0.09 0.20 0 0 234 226 22 37 0 0 0 0 0 0 0 0 0 0 0 0 0 0
20120605 11:30:21 7 0 5 0 0 1 3 85 15 2445 3245 0 211 0 0.00 0.09 0.20 0 0 273 271 23 47 0 0 0 0 0 0 0 0 0 0 0 0 0 0
20120605 11:30:26 7 0 5 0 0 1 1 86 14 2290 3328 0 211 1 0.00 0.09 0.19 3 0 280 276 24 47 0 0 0 0 0 0 0 0 0 0 0 0 0 0
20120605 11:30:31 8 0 6 0 0 1 2 83 17 3000 4037 0 211 3 0.00 0.09 0.19 3 0 392 390 42 55 0 0 0 0 0 0 0 0 0 0 0 0 0 0
20120605 11:30:36 7 0 3 0 0 1 2 88 12 1890 2783 0 211 1 0.00 0.09 0.19 0 0 253 249 25 39 0 0 0 0 0 0 0 0 0 0 0 0 0 0
20120605 11:30:41 7 0 5 0 0 1 1 86 14 2355 3501 0 211 0 0.00 0.09 0.19 0 0 285 291 23 48 0 0 0 0 0 0 0 0 0 0 0 0 0 0
20120605 11:30:46 6 0 5 0 0 1 1 87 13 2388 3399 0 211 0 0.00 0.08 0.19 0 0 271 275 23 47 0 0 0 0 0 0 0 0 0 0 0 0 0 0
20120605 11:30:51 5 0 4 0 0 0 0 91 9 1609 2162 0 211 1 0.00 0.08 0.19 0 0 218 225 21 34 0 0 0 0 0 0 0 0 0 0 0 0 0 0
20120605 11:30:56 0 0 0 0 0 0 0 100 0 20 22 0 211 0 0.00 0.08 0.19 0 0 1 1 0 0 0 0 0 0 0 0 0 0 0 0 0 0 0 0
20120605 11:31:01 2 0 2 0 0 0 0 96 4 1092 1466 0 211 1 0.00 0.08 0.19 1 0 92 89 9 14 0 0 0 0 0 0 0 0 0 0 0 0 0 0
20120605 11:31:06 14 0 10 0 0 1 6 69 31 4521 6425 0 211 0 0.00 0.08 0.19 0 0 722 619 84 86 0 0 0 0 0 0 0 0 0 0 0 0 0 0
20120605 11:31:11 16 0 10 0 0 1 4 69 31 4904 6170 0 211 0 0.00 0.08 0.19 0 0 755 655 86 96 0 0 0 0 0 0 0 0 0 0 0 0 0 0
20120605 11:31:16 15 0 10 0 0 1 5 68 32 4414 6132 0 211 4 0.00 0.08 0.18 3 0 710 615 80 90 0 0 0 0 0 0 0 0 0 0 0 0 0 0
20120605 11:31:21 15 0 10 0 0 2 4 70 30 4632 5818 0 211 3 0.00 0.07 0.18 2 0 673 572 75 87 0 0 0 0 0 0 0 0 0 0 0 0 0 0
20120605 11:31:26 15 0 10 0 0 2 5 68 32 4871 6193 0 211 0 0.00 0.07 0.18 0 0 800 677 95 95 0 0 0 0 0 0 0 0 0 0 0 0 0 0
20120605 11:31:31 17 0 11 0 0 1 6 64 36 5476 7050 0 211 1 0.00 0.07 0.18 2 0 787 693 90 99 0 0 0 0 0 0 0 0 0 0 0 0 0 0
20120605 11:31:36 24 0 15 0 0 3 10 49 51 6464 8995 0 211 1 0.00 0.07 0.18 2 0 968 845 100 133 0 0 0 0 0 0 0 0 0 0 0 0 0 0
20120605 11:31:41 25 0 15 0 0 2 9 49 51 7124 9767 0 211 3 0.00 0.07 0.18 3 0 930 857 99 131 0 0 0 0 0 0 0 0 0 0 0 0 0 0
20120605 11:31:46 26 0 16 0 0 2 11 45 55 7552 9930 0 211 3 0.00 0.07 0.18 3 0 998 908 104 138 0 0 0 0 0 0 0 0 0 0 0 0 0 0
20120605 11:31:51 24 0 15 0 0 2 9 49 50 6721 8485 0 211 2 0.00 0.07 0.18 2 0 981 872 107 129 0 0 0 0 0 0 0 0 0 0 0 0 0 0
20120605 11:31:56 23 0 15 0 0 2 9 51 49 6566 8467 0 211 1 0.00 0.07 0.18 2 0 968 881 103 135 0 0 0 0 0 0 0 0 0 0 0 0 0 0
20120605 11:32:01 25 0 17 0 0 3 9 46 54 7455 9573 0 211 4 0.00 0.07 0.18 4 0 1010 919 107 141 0 0 0 0 0 0 0 0 0 0 0 0 0 0
################################################################################
# Collectl:   V3.6.1-4  HiRes: 1  Options: -i 5 --plot --filename cpu 
# Host:       ip-10-111-15-73  DaemonOpts: 
# Distro:     debian wheezy/sid, Ubuntu 11.10  Platform: 
# Date:       20120605-110430  Secs: 1338894270 TZ: +0000
# SubSys:     cdn Options:  Interval: 5 NumCPUs: 2 [HYPER] NumBud: 0 Flags: i
# Filters:    NfsFilt:  EnvFilt: 
# HZ:         100  Arch: x86_64-linux-gnu-thread-multi PageSize: 4096
# Cpu:        GenuineIntel Speed(MHz): 2266.746 Cores: 1  Siblings: 2 Nodes: 1
# Kernel:     3.0.0-16-virtual  Memory: 7645720 kB  Swap: 0 kB
# NumDisks:   1 DiskNames: xvdb
# NumNets:    2 NetNames: lo: eth0:
################################################################################
#Date Time [CPU]User% [CPU]Nice% [CPU]Sys% [CPU]Wait% [CPU]Irq% [CPU]Soft% [CPU]Steal% [CPU]Idle% [CPU]Totl% [CPU]Intrpt/sec [CPU]Ctx/sec [CPU]Proc/sec [CPU]ProcQue [CPU]ProcRun [CPU]L-Avg1 [CPU]L-Avg5 [CPU]L-Avg15 [CPU]RunTot [CPU]BlkTot [NET]RxPktTot [NET]TxPktTot [NET]RxKBTot [NET]TxKBTot [NET]RxCmpTot [NET]RxMltTot [NET]TxCmpTot [NET]RxErrsTot [NET]TxErrsTot [DSK]ReadTot [DSK]WriteTot [DSK]OpsTot [DSK]ReadKBTot [DSK]WriteKBTot [DSK]KbTot [DSK]ReadMrgTot [DSK]WriteMrgTot [DSK]MrgTot
20120605 11:32:06 22 0 16 0 0 2 6 53 47 6938 8770 0 211 2 0.00 0.07 0.18 3 0 868 803 86 127 0 0 0 0 0 0 0 0 0 0 0 0 0 0
20120605 11:32:11 23 0 14 0 0 2 7 53 47 6302 8610 0 211 3 0.00 0.06 0.17 2 0 920 825 101 124 0 0 0 0 0 0 0 0 0 0 0 0 0 0
20120605 11:32:16 23 0 14 0 0 2 8 54 46 6187 8516 0 211 1 0.00 0.06 0.17 2 0 908 785 98 130 0 0 0 0 0 0 0 0 0 0 0 0 0 0
20120605 11:32:21 29 0 17 0 0 3 12 38 62 7430 10562 0 211 3 0.00 0.06 0.17 3 0 1063 946 116 146 0 0 0 0 0 0 0 0 0 0 0 0 0 0
20120605 11:32:26 29 0 18 0 0 2 12 38 62 7787 11086 0 211 1 0.00 0.06 0.17 2 0 1092 962 121 145 0 0 0 0 0 0 0 0 0 0 0 0 0 0
20120605 11:32:31 30 0 18 0 0 3 12 38 62 7560 10538 0 211 3 0.00 0.06 0.17 2 0 1099 976 119 151 0 0 0 0 0 0 0 0 0 0 0 0 0 0
20120605 11:32:36 24 0 16 0 0 3 9 48 52 6865 9482 0 211 5 0.00 0.06 0.17 3 0 977 884 105 132 0 0 0 0 0 0 0 0 0 0 0 0 0 0
20120605 11:32:41 23 0 15 1 0 3 9 50 49 6728 8421 0 211 3 0.00 0.06 0.17 3 0 854 810 84 129 0 0 0 0 0 0 0 0 0 0 0 0 0 0
20120605 11:32:46 22 0 14 0 0 2 7 55 45 6685 9021 0 211 0 0.00 0.06 0.17 0 0 893 804 92 128 0 0 0 0 0 0 0 0 0 0 0 0 0 0
20120605 11:32:51 29 0 16 0 0 3 9 43 57 7247 10942 0 211 1 0.00 0.06 0.17 1 0 1090 985 119 149 0 0 0 0 0 0 0 0 0 0 0 0 0 0
20120605 11:32:56 28 0 18 0 0 3 12 40 60 7428 10436 0 211 3 0.00 0.06 0.17 3 0 1075 945 117 143 0 0 0 0 0 0 0 0 0 0 0 0 0 0
20120605 11:33:01 23 0 14 0 0 2 9 52 48 6810 8893 0 211 1 0.00 0.05 0.16 1 0 858 808 85 128 0 0 0 0 0 0 0 0 0 0 0 0 0 0
20120605 11:33:06 28 0 17 0 0 3 10 41 58 7434 10692 0 211 0 0.00 0.05 0.16 0 0 1076 978 120 143 0 0 0 0 0 0 0 0 0 0 0 0 0 0
20120605 11:33:11 28 0 17 0 0 3 9 44 56 7432 9862 0 211 2 0.00 0.05 0.16 2 0 1133 1055 122 152 0 0 0 0 0 0 0 0 0 0 0 0 0 0
20120605 11:33:16 12 0 7 0 0 1 4 76 24 4001 5425 0 211 0 0.00 0.05 0.16 0 0 441 421 35 76 0 0 0 0 0 0 0 0 0 0 0 0 0 0
20120605 11:33:21 6 0 4 0 0 1 2 87 13 2103 2741 0 211 0 0.00 0.05 0.16 0 0 220 220 13 44 0 0 0 0 0 0 0 0 0 0 0 0 0 0
20120605 11:33:26 6 0 4 0 0 1 2 87 13 1947 3086 0 211 0 0.00 0.05 0.16 0 0 207 211 11 43 0 0 0 0 0 0 0 0 0 0 0 0 0 0
20120605 11:33:31 9 0 6 0 0 1 2 83 17 2719 3680 0 211 1 0.00 0.05 0.16 2 0 402 381 42 58 0 0 0 0 0 0 0 0 0 0 0 0 0 0
20120605 11:33:36 27 0 17 0 0 3 11 43 57 7285 9626 0 211 2 0.00 0.05 0.16 3 0 1098 997 117 147 0 0 0 0 0 0 0 0 0 0 0 0 0 0
20120605 11:33:41 23 0 15 0 0 2 8 52 48 6650 8804 0 211 4 0.00 0.05 0.16 3 0 827 795 79 129 0 0 0 0 0 0 0 0 0 0 0 0 0 0
20120605 11:33:46 15 0 11 0 0 1 5 69 31 4952 6261 0 211 0 0.00 0.05 0.16 0 0 626 550 67 90 0 0 0 0 0 0 0 0 0 0 0 0 0 0
20120605 11:33:51 14 0 9 0 0 1 4 71 29 4548 6151 0 211 0 0.00 0.04 0.15 0 0 711 614 84 88 0 0 0 0 0 0 0 0 0 0 0 0 0 0
################################################################################
# Collectl:   V3.6.1-4  HiRes: 1  Options: -i 5 --plot --filename cpu 
# Host:       ip-10-111-15-73  DaemonOpts: 
# Distro:     debian wheezy/sid, Ubuntu 11.10  Platform: 
# Date:       20120605-110430  Secs: 1338894270 TZ: +0000
# SubSys:     cdn Options:  Interval: 5 NumCPUs: 2 [HYPER] NumBud: 0 Flags: i
# Filters:    NfsFilt:  EnvFilt: 
# HZ:         100  Arch: x86_64-linux-gnu-thread-multi PageSize: 4096
# Cpu:        GenuineIntel Speed(MHz): 2266.746 Cores: 1  Siblings: 2 Nodes: 1
# Kernel:     3.0.0-16-virtual  Memory: 7645720 kB  Swap: 0 kB
# NumDisks:   1 DiskNames: xvdb
# NumNets:    2 NetNames: lo: eth0:
################################################################################
#Date Time [CPU]User% [CPU]Nice% [CPU]Sys% [CPU]Wait% [CPU]Irq% [CPU]Soft% [CPU]Steal% [CPU]Idle% [CPU]Totl% [CPU]Intrpt/sec [CPU]Ctx/sec [CPU]Proc/sec [CPU]ProcQue [CPU]ProcRun [CPU]L-Avg1 [CPU]L-Avg5 [CPU]L-Avg15 [CPU]RunTot [CPU]BlkTot [NET]RxPktTot [NET]TxPktTot [NET]RxKBTot [NET]TxKBTot [NET]RxCmpTot [NET]RxMltTot [NET]TxCmpTot [NET]RxErrsTot [NET]TxErrsTot [DSK]ReadTot [DSK]WriteTot [DSK]OpsTot [DSK]ReadKBTot [DSK]WriteKBTot [DSK]KbTot [DSK]ReadMrgTot [DSK]WriteMrgTot [DSK]MrgTot
20120605 11:33:56 15 0 9 0 0 2 5 69 31 4683 6763 0 211 4 0.00 0.04 0.15 3 0 728 619 83 92 0 0 0 0 0 0 0 0 0 0 0 0 0 0
20120605 11:34:01 15 0 9 0 0 1 3 72 28 4546 5747 0 211 2 0.00 0.04 0.15 1 0 589 527 63 84 0 0 0 0 0 0 0 0 0 0 0 0 0 0
20120605 11:34:06 20 0 14 0 0 2 7 57 43 5826 7509 0 211 3 0.00 0.04 0.15 3 0 778 717 71 120 0 0 0 0 0 0 0 0 0 0 0 0 0 0
20120605 11:34:11 34 0 13 0 0 1 17 34 66 4568 4705 0 211 1 0.00 0.04 0.15 1 0 3236 895 4381 78 0 0 0 0 0 0 0 0 0 0 0 0 0 0
20120605 11:34:16 16 0 8 0 0 0 9 67 33 261 83 0 211 0 0.08 0.06 0.16 0 0 1 1 0 3 0 0 0 0 0 0 0 0 0 0 0 0 0 0
20120605 11:34:21 0 0 0 0 0 0 0 100 0 81 40 0 211 0 0.08 0.06 0.15 0 0 36 20 2 102 0 0 0 0 0 0 0 0 0 0 0 0 0 0
20120605 11:34:26 0 0 0 0 0 0 0 100 0 124 87 0 211 0 0.07 0.06 0.15 0 0 68 31 4 417 0 0 0 0 0 0 0 0 0 0 0 0 0 0
20120605 11:34:31 15 0 6 0 0 0 8 71 28 341 146 0 211 0 0.14 0.07 0.16 0 0 53 30 3 453 0 0 0 0 0 0 0 0 0 0 0 0 0 0
20120605 11:34:36 0 0 0 0 0 0 0 100 0 220 90 0 211 0 0.13 0.07 0.16 0 0 93 55 5 479 0 0 0 0 0 0 0 0 0 0 0 0 0 0
20120605 11:34:41 17 0 4 0 0 0 8 70 30 331 106 0 211 0 0.20 0.09 0.16 0 0 62 29 3 465 0 0 0 0 0 0 0 0 0 0 0 0 0 0
20120605 11:34:46 0 0 0 0 0 0 0 100 0 259 99 0 211 0 0.19 0.09 0.16 0 0 115 68 6 482 0 0 0 0 0 0 0 0 0 0 0 0 0 0
20120605 11:34:51 18 0 4 0 0 0 9 69 31 335 87 0 211 0 0.25 0.10 0.16 0 0 68 43 4 416 0 0 0 0 0 0 0 0 0 0 0 0 0 0
20120605 11:34:56 0 0 0 0 0 0 0 100 0 223 79 0 211 0 0.23 0.10 0.16 0 0 115 54 6 404 0 0 0 0 0 0 0 0 0 0 0 0 0 0
20120605 11:35:01 11 0 3 0 0 0 5 81 19 289 80 0 211 1 0.21 0.10 0.16 1 0 96 35 5 478 0 0 0 0 0 0 0 0 0 0 0 0 0 0
20120605 11:35:06 3 0 0 0 0 0 1 96 4 235 135 0 211 0 0.28 0.11 0.17 0 0 61 37 3 574 0 0 0 0 0 0 0 0 0 0 0 0 0 0
20120605 11:35:11 12 0 5 0 0 0 7 75 25 319 63 0 211 1 0.25 0.11 0.17 1 0 91 57 6 418 0 0 0 0 0 0 0 0 0 0 0 0 0 0
20120605 11:35:16 4 0 1 0 0 0 2 93 7 128 78 0 211 0 0.31 0.13 0.17 0 0 9 10 1 109 0 0 0 0 0 0 0 0 0 0 0 0 0 0
20120605 11:35:21 0 0 0 0 0 0 0 99 1 120 90 0 211 1 0.29 0.12 0.17 1 0 30 18 2 472 0 0 0 0 0 0 0 0 0 0 0 0 0 0
20120605 11:35:26 14 0 5 0 0 0 7 73 27 266 73 0 211 0 0.27 0.12 0.17 0 0 28 27 2 236 0 0 0 0 0 0 0 0 0 0 0 0 0 0
20120605 11:35:31 0 0 0 0 0 0 0 99 1 52 41 0 211 0 0.24 0.12 0.17 0 0 9 10 1 53 0 0 0 0 0 0 0 0 0 0 0 0 0 0
20120605 11:35:36 0 0 0 0 0 0 0 100 0 63 53 0 211 0 0.22 0.12 0.17 0 0 11 10 1 181 0 0 0 0 0 0 0 0 0 0 0 0 0 0
20120605 11:35:41 2 0 0 0 0 0 1 97 3 148 81 0 211 2 0.21 0.12 0.17 1 0 49 24 3 468 0 0 0 0 0 0 0 0 0 0 0 0 0 0
################################################################################
# Collectl:   V3.6.1-4  HiRes: 1  Options: -i 5 --plot --filename cpu 
# Host:       ip-10-111-15-73  DaemonOpts: 
# Distro:     debian wheezy/sid, Ubuntu 11.10  Platform: 
# Date:       20120605-110430  Secs: 1338894270 TZ: +0000
# SubSys:     cdn Options:  Interval: 5 NumCPUs: 2 [HYPER] NumBud: 0 Flags: i
# Filters:    NfsFilt:  EnvFilt: 
# HZ:         100  Arch: x86_64-linux-gnu-thread-multi PageSize: 4096
# Cpu:        GenuineIntel Speed(MHz): 2266.746 Cores: 1  Siblings: 2 Nodes: 1
# Kernel:     3.0.0-16-virtual  Memory: 7645720 kB  Swap: 0 kB
# NumDisks:   1 DiskNames: xvdb
# NumNets:    2 NetNames: lo: eth0:
################################################################################
#Date Time [CPU]User% [CPU]Nice% [CPU]Sys% [CPU]Wait% [CPU]Irq% [CPU]Soft% [CPU]Steal% [CPU]Idle% [CPU]Totl% [CPU]Intrpt/sec [CPU]Ctx/sec [CPU]Proc/sec [CPU]ProcQue [CPU]ProcRun [CPU]L-Avg1 [CPU]L-Avg5 [CPU]L-Avg15 [CPU]RunTot [CPU]BlkTot [NET]RxPktTot [NET]TxPktTot [NET]RxKBTot [NET]TxKBTot [NET]RxCmpTot [NET]RxMltTot [NET]TxCmpTot [NET]RxErrsTot [NET]TxErrsTot [DSK]ReadTot [DSK]WriteTot [DSK]OpsTot [DSK]ReadKBTot [DSK]WriteKBTot [DSK]KbTot [DSK]ReadMrgTot [DSK]WriteMrgTot [DSK]MrgTot
20120605 11:35:46 14 0 4 0 0 0 6 76 24 298 84 0 211 0 0.27 0.13 0.17 0 0 62 37 3 419 0 0 0 0 0 0 0 0 0 0 0 0 0 0
20120605 11:35:51 0 0 0 0 0 0 0 100 0 174 103 0 211 0 0.25 0.13 0.17 0 0 64 31 3 655 0 0 0 0 0 0 0 0 0 0 0 0 0 0
20120605 11:35:56 16 0 7 0 0 0 8 68 32 248 42 0 211 1 0.31 0.14 0.17 1 0 26 17 2 197 0 0 0 0 0 0 0 0 0 0 0 0 0 0
20120605 11:36:01 1 0 0 0 0 0 0 99 1 275 110 0 211 0 0.28 0.14 0.17 0 0 121 61 7 464 0 0 0 0 0 0 0 0 0 0 0 0 0 0
20120605 11:36:06 13 0 5 0 0 0 6 75 25 307 64 0 211 1 0.26 0.14 0.17 1 0 74 43 4 469 0 0 0 0 0 0 0 0 0 0 0 0 0 0
20120605 11:36:11 3 0 1 0 0 0 1 95 5 299 126 0 211 1 0.32 0.15 0.18 0 0 98 69 6 439 0 0 0 0 0 0 0 0 0 0 0 0 0 0
20120605 11:36:16 0 0 0 0 0 0 0 100 0 48 31 0 211 0 0.29 0.15 0.17 0 0 17 10 1 8 0 0 0 0 0 0 0 0 0 0 0 0 0 0
20120605 11:36:21 0 0 0 0 0 0 0 100 0 23 24 0 211 0 0.27 0.15 0.17 0 0 2 2 0 0 0 0 0 0 0 0 0 0 0 0 0 0 0 0
20120605 11:36:26 0 0 0 0 0 0 0 100 0 79 42 0 211 1 0.25 0.14 0.17 0 0 29 22 2 63 0 0 0 0 0 0 0 0 0 0 0 0 0 0
20120605 11:36:31 12 0 7 0 0 0 7 74 26 293 54 0 211 1 0.23 0.14 0.17 1 0 74 34 4 438 0 0 0 0 0 0 0 0 0 0 0 0 0 0
20120605 11:36:36 2 0 1 0 0 0 1 96 4 237 110 0 211 0 0.21 0.14 0.17 0 0 83 42 5 537 0 0 0 0 0 0 0 0 0 0 0 0 0 0
20120605 11:36:41 13 0 5 0 0 0 7 74 26 290 55 0 211 2 0.19 0.14 0.17 1 0 75 39 4 397 0 0 0 0 0 0 0 0 0 0 0 0 0 0
20120605 11:36:46 3 0 1 0 0 0 2 93 7 236 123 0 211 0 0.26 0.15 0.17 0 0 68 28 4 495 0 0 0 0 0 0 0 0 0 0 0 0 0 0
20120605 11:36:51 11 0 4 0 0 0 5 80 20 236 71 0 211 1 0.24 0.15 0.17 1 0 39 20 2 431 0 0 0 0 0 0 0 0 0 0 0 0 0 0
20120605 11:36:56 3 0 2 0 0 0 3 92 8 247 90 0 211 1 0.30 0.16 0.18 0 0 97 32 5 274 0 0 0 0 0 0 0 0 0 0 0 0 0 0
20120605 11:37:01 8 0 2 0 0 0 4 86 14 233 77 0 211 1 0.27 0.16 0.18 1 0 67 42 4 594 0 0 0 0 0 0 0 0 0 0 0 0 0 0
20120605 11:37:06 8 0 4 0 0 0 4 84 16 316 103 0 211 0 0.33 0.17 0.18 0 0 87 50 5 357 0 0 0 0 0 0 0 0 0 0 0 0 0 0
20120605 11:37:11 6 0 2 0 0 0 3 90 10 244 83 0 211 2 0.31 0.17 0.18 1 0 80 59 5 644 0 0 0 0 0 0 0 0 0 0 0 0 0 0
20120605 11:37:16 9 0 4 0 0 0 5 81 19 290 97 0 211 0 0.52 0.22 0.20 0 0 60 35 4 200 0 0 0 0 0 0 0 0 0 0 0 0 0 0
20120605 11:37:21 0 0 0 0 0 0 0 100 0 220 85 0 209 0 0.48 0.22 0.19 0 0 92 61 5 499 0 0 0 0 0 0 0 0 0 0 0 0 0 0
20120605 11:37:26 0 0 1 0 0 0 0 98 2 112 64 0 199 1 0.44 0.21 0.19 1 0 28 22 2 244 0 0 0 0 0 0 0 0 0 0 0 0 0 0
20120605 11:37:31 0 0 0 0 0 0 0 100 0 25 26 0 199 0 0.41 0.21 0.19 0 0 1 1 0 0 0 0 0 0 0 0 0 0 0 0 0 0 0 0
################################################################################
# Collectl:   V3.6.1-4  HiRes: 1  Options: -i 5 --plot --filename cpu 
# Host:       ip-10-111-15-73  DaemonOpts: 
# Distro:     debian wheezy/sid, Ubuntu 11.10  Platform: 
# Date:       20120605-110430  Secs: 1338894270 TZ: +0000
# SubSys:     cdn Options:  Interval: 5 NumCPUs: 2 [HYPER] NumBud: 0 Flags: i
# Filters:    NfsFilt:  EnvFilt: 
# HZ:         100  Arch: x86_64-linux-gnu-thread-multi PageSize: 4096
# Cpu:        GenuineIntel Speed(MHz): 2266.746 Cores: 1  Siblings: 2 Nodes: 1
# Kernel:     3.0.0-16-virtual  Memory: 7645720 kB  Swap: 0 kB
# NumDisks:   1 DiskNames: xvdb
# NumNets:    2 NetNames: lo: eth0:
################################################################################
#Date Time [CPU]User% [CPU]Nice% [CPU]Sys% [CPU]Wait% [CPU]Irq% [CPU]Soft% [CPU]Steal% [CPU]Idle% [CPU]Totl% [CPU]Intrpt/sec [CPU]Ctx/sec [CPU]Proc/sec [CPU]ProcQue [CPU]ProcRun [CPU]L-Avg1 [CPU]L-Avg5 [CPU]L-Avg15 [CPU]RunTot [CPU]BlkTot [NET]RxPktTot [NET]TxPktTot [NET]RxKBTot [NET]TxKBTot [NET]RxCmpTot [NET]RxMltTot [NET]TxCmpTot [NET]RxErrsTot [NET]TxErrsTot [DSK]ReadTot [DSK]WriteTot [DSK]OpsTot [DSK]ReadKBTot [DSK]WriteKBTot [DSK]KbTot [DSK]ReadMrgTot [DSK]WriteMrgTot [DSK]MrgTot
20120605 11:37:36 0 0 0 0 0 0 0 100 0 21 23 0 199 0 0.37 0.20 0.19 0 0 1 1 0 0 0 0 0 0 0 0 0 0 0 0 0 0 0 0
20120605 11:37:41 0 0 0 0 0 0 0 100 0 30 26 0 199 0 0.34 0.20 0.19 0 0 4 4 0 0 0 0 0 0 0 0 0 0 0 0 0 0 0 0
20120605 11:37:46 0 0 0 0 0 0 0 100 0 22 22 0 199 0 0.32 0.20 0.19 0 0 1 1 0 0 0 0 0 0 0 0 0 0 0 0 0 0 0 0
20120605 11:37:51 0 0 0 0 0 0 0 100 0 21 22 0 199 0 0.29 0.19 0.19 0 0 1 1 0 0 0 0 0 0 0 0 0 0 0 0 0 0 0 0
20120605 11:37:56 1 0 1 0 0 0 1 97 3 168 125 6 190 1 0.27 0.19 0.19 0 0 11 14 1 1 0 0 0 0 0 0 0 0 0 0 0 0 0 0
20120605 11:38:01 0 0 0 0 0 0 0 100 0 23 22 0 190 1 0.25 0.19 0.19 0 0 0 0 0 0 0 0 0 0 0 0 0 0 0 0 0 0 0 0
20120605 11:38:06 0 0 0 0 0 0 0 100 0 42 41 0 189 0 0.23 0.18 0.19 0 0 2 2 0 0 0 0 0 0 0 0 0 0 0 0 0 0 0 0
20120605 11:38:11 0 0 0 0 0 0 0 100 0 39 38 0 189 0 0.21 0.18 0.18 0 0 4 3 0 0 0 0 0 0 0 0 0 0 0 0 0 0 0 0
