0
3
4
4
4
4
4
5
3
5
4
5
4
6
5
5
4
5
3
4
4
7
3
4
3
6
5
4
0
0
0
2
3
7
4
5
4
7
5
5
4
7
5
4
4
6
5
5
3
6
4
5
4
6
5
4
2
6
1
0
0
4
5
4
4
5
4
4
3
4
4
4
5
5
4
4
6
4
4
4
4
4
3
4
4
6
5
5
0
0
0
0
0
5
4
7
3
4
4
4
4
4
3
4
3
4
4
5
4
4
3
6
5
5
4
7
5
5
4
3
0
2
7
7
7
5
6
9
9
12
11
12
10
14
11
12
12
12
11
12
11
12
9
12
10
13
11
11
4
3
4
6
11
12
5
7
7
10
9
13
12
13
12
12
10
11
9
12
9
14
10
13
12
14
11
10
11
11
6
3
4
8
11
11
7
5
6
6
6
5
6
7
8
5
7
6
8
5
7
6
7
5
6
6
8
9
6
7
1
0
0
0
0
5
7
8
5
7
8
5
7
7
6
5
6
6
7
5
6
7
6
8
6
7
7
8
7
7
6
5
0
2
14
16
15
15
15
17
24
25
26
24
23
25
22
23
23
29
29
30
24
23
22
29
28
23
28
28
12
6
6
9
27
23
15
14
15
15
0
