7131012 18432 222392
7128128 18432 222408
7125680 18440 222408
7123076 18440 222408
7120596 18440 222408
7117744 18440 222408
7116008 18440 222408
7112908 18440 222408
7110032 18448 222400
7107676 18448 222408
7105452 18448 222408
7102196 18448 222408
7099384 18448 222408
7096624 18448 222424
7094292 18456 222424
7090796 18456 222424
7088332 18456 222424
7085348 18456 222424
7083488 18456 222424
7080372 18456 222424
7077272 18456 222424
7074428 18464 222424
7072320 18464 222424
7069964 18464 222424
7067096 18464 222424
7064616 18464 222444
7062524 18472 222444
7061036 18472 222444
7060912 18488 222436
7060788 18496 222436
7060788 18496 222436
7058928 18496 222436
7056176 18496 222436
7053324 18504 222436
7050736 18504 222436
7048140 18504 222436
7045164 18512 222436
7041940 18512 222452
7039576 18520 222452
7036476 18520 222452
7033756 18520 222452
7030648 18520 222452
7028416 18520 222452
7025456 18520 222452
7022836 18520 222452
7019984 18528 222452
7017628 18528 222452
7014916 18528 222452
7012180 18528 222452
7009460 18528 222468
7007468 18536 222468
7003972 18536 222468
7001484 18536 222468
6998516 18536 222468
6996168 18536 222468
6993564 18536 222468
6990736 18544 222468
6989124 18544 222468
6989124 18544 222468
6989124 18544 222468
6989124 18544 222468
6986612 18544 222484
6983404 18552 222484
6980676 18552 222484
6978072 18552 222484
6975468 18552 222484
6973484 18552 222484
6971004 18552 222484
6968532 18560 222476
6966176 18560 222484
6963944 18560 222484
6961324 18560 222484
6958712 18560 222484
6956060 18564 222512
6953000 18572 222512
6950124 18572 222512
6947264 18572 222512
6945040 18572 222512
6942312 18572 222512
6939824 18572 222512
6937112 18572 222512
6934632 18580 222512
6932648 18580 222512
6929796 18580 222512
6927068 18580 222512
6924068 18580 222528
6921712 18588 222528
6919852 18588 222528
6919868 18588 222528
6919620 18588 222528
6919620 18588 222528
6919620 18588 222528
6918876 18588 222528
6915760 18596 222528
6912784 18596 222528
6910048 18596 222528
6908064 18596 222528
6905228 18596 222544
6902632 18604 222544
6900160 18604 222544
6897804 18604 222544
6895076 18604 222544
6892596 18604 222544
6890364 18604 222544
6888008 18604 222544
6884900 18612 222544
6882544 18612 222544
6880204 18612 222544
6878088 18612 222544
6875592 18612 222560
6872856 18620 222560
6869904 18620 222560
6868912 18620 222560
6868160 18620 222560
6866540 18620 222560
6864416 18620 222560
6862828 18628 222560
6860728 18628 222560
6858720 18628 222560
6858364 18628 222560
6858380 18628 222560
6856016 18628 222588
6853908 18636 222604
6852296 18644 222600
6849212 18644 222612
6846360 18652 222616
6843756 18652 222616
6840988 18660 222632
6835392 18668 222648
6829828 18676 222648
6825016 18676 222660
6819684 18684 222684
6814964 18692 222688
6810012 18692 222724
6804804 18700 222736
6799936 18708 222756
6796496 18716 222756
6790932 18716 222768
6785832 18724 222768
6780220 18732 222780
6775928 18740 222788
6770456 18740 222812
6766364 18748 222816
6762116 18756 222808
6756628 18756 222832
6751872 18764 222848
6747136 18764 222856
6742432 18772 222856
6739704 18772 222856
6737712 18780 222848
6735480 18780 222856
6732264 18780 222856
6727388 18788 222872
6723080 18796 222884
6720252 18796 222892
6717996 18804 222912
6716244 18812 222912
6712664 18812 222952
6707960 18820 222964
6701860 18820 222984
6699628 18828 223000
6696180 18836 223012
6692856 18836 223024
6688948 18844 223040
6686368 18852 223040
6682804 18852 223060
6678696 18860 223068
6674332 18860 223084
6670132 18868 223096
6665172 18876 223124
6660840 18876 223128
6655352 18884 223152
6651160 18892 223156
6646208 18900 223172
6642480 18908 223188
6636660 18916 223188
6632304 18916 223208
6627088 18924 223208
6624608 18924 223208
6622004 18932 223200
6620144 18932 223208
6615192 18932 223232
6610504 18940 223248
6606736 18948 223248
6604536 18948 223260
6602924 18956 223264
6600956 18956 223272
6599460 18968 223268
6597228 18976 223276
6595252 18976 223280
6593284 18984 223288
6591772 18992 223288
6589804 18992 223304
6587192 19000 223328
6585184 19008 223348
6583804 19016 223352
6582076 19016 223372
6579728 19024 223380
6577240 19024 223392
6575628 19032 223396
6573668 19040 223404
6571196 19040 223404
6568716 19048 223408
6567560 19056 223420
6566080 19064 223424
6563468 19064 223464
6561740 19072 223476
6560640 19072 223488
6560640 19080 223488
6560524 19088 223488
6560524 19088 223488
6560516 19088 223488
6560268 19096 223480
6558616 19096 223512
6557152 19104 223524
6554828 19112 223540
6552704 19112 223540
6550572 19120 223568
6548884 19128 223572
6546396 19136 223580
6544140 19136 223592
6542040 19144 223596
6539560 19152 223600
6537080 19152 223600
6534972 19160 223608
6532856 19168 223620
6531376 19176 223616
6528764 19176 223624
6526400 19184 223628
6524308 19192 223648
6521556 19200 223660
6518596 19208 223668
6517380 19208 223680
6517216 19216 223700
6517356 19224 223704
6516720 19224 223724
6515760 19232 223736
6514248 19232 223756
6513372 19240 223768
6512676 19248 223768
6512676 19248 223768
6511828 19256 223796
6510768 19264 223844
6508916 19264 223900
6507560 19272 223956
6504520 19280 224004
6502692 19288 224056
6499524 19296 224108
6494656 19304 224164
6489524 19312 224228
6485168 19320 224280
6480776 19328 224352
6475932 19336 224404
6471544 19344 224484
6466700 19352 224540
6461096 19360 224592
6459292 19368 224656
6459376 19376 224716
6458104 19384 224776
6456880 19392 224852
6456976 19392 224904
6457052 19400 224956
6453728 19408 225012
6450372 19416 225096
6447776 19424 225152
6442528 19432 225220
6437792 19440 225284
6433880 19448 225352
6431168 19456 225352
6429316 19456 225356
6427456 19464 225364
6424580 19472 225400
6420008 19480 225452
6416404 19488 225504
6414164 19496 225544
6411064 19504 225588
6408600 19504 225636
