################################################################################
# Collectl:   V3.6.1-4  HiRes: 1  Options: -i 5 --vmstat -P --filename memory 
# Host:       ip-10-111-15-73  DaemonOpts: 
# Distro:     debian wheezy/sid, Ubuntu 11.10  Platform: 
# Date:       20120605-110437  Secs: 1338894277 TZ: +0000
# SubSys:     cm Options:  Interval: 5 NumCPUs: 2 [HYPER] NumBud: 0 Flags: i
# Filters:    NfsFilt:  EnvFilt: 
# HZ:         100  Arch: x86_64-linux-gnu-thread-multi PageSize: 4096
# Cpu:        GenuineIntel Speed(MHz): 2266.746 Cores: 1  Siblings: 2 Nodes: 1
# Kernel:     3.0.0-16-virtual  Memory: 7645720 kB  Swap: 0 kB
# NumDisks:   1 DiskNames: xvdb
# NumNets:    2 NetNames: lo: eth0:
################################################################################
#Date Time [CPU]User% [CPU]Nice% [CPU]Sys% [CPU]Wait% [CPU]Irq% [CPU]Soft% [CPU]Steal% [CPU]Idle% [CPU]Totl% [CPU]Intrpt/sec [CPU]Ctx/sec [CPU]Proc/sec [CPU]ProcQue [CPU]ProcRun [CPU]L-Avg1 [CPU]L-Avg5 [CPU]L-Avg15 [CPU]RunTot [CPU]BlkTot [MEM]Tot [MEM]Used [MEM]Free [MEM]Shared [MEM]Buf [MEM]Cached [MEM]Slab [MEM]Map [MEM]Anon [MEM]Commit [MEM]Locked [MEM]SwapTot [MEM]SwapUsed [MEM]SwapFree [MEM]SwapIn [MEM]SwapOut [MEM]Dirty [MEM]Clean [MEM]Laundry [MEM]Inactive [MEM]PageIn [MEM]PageOut [MEM]PageFaults [MEM]PageMajFaults [MEM]HugeTotal [MEM]HugeFree [MEM]HugeRsvd [MEM]SUnreclaim
20120605 11:04:43 0 0 0 0 0 0 0 100 0 13 16 0 189 0 0.25 0.10 0.10 0 0 7645720 483620 7162100 0 18020 222560 27616 17360 119892 346988 0 0 0 0 0 0 920 0 0 58080 0 0 8 0 0 0 0 7152
20120605 11:04:48 0 0 0 0 0 0 0 100 0 13 15 0 189 0 0.23 0.10 0.10 1 0 7645720 483620 7162100 0 18028 222560 27616 17360 119920 346988 0 0 0 0 0 0 920 0 0 58080 0 5 18 0 0 0 0 7152
20120605 11:04:53 0 0 0 0 0 0 0 100 0 20 16 0 189 0 0.21 0.10 0.10 0 0 7645720 483620 7162100 0 18028 222560 27616 17360 119928 346988 0 0 0 0 0 0 736 0 0 58088 0 37 5 0 0 0 0 7152
20120605 11:04:58 0 0 0 0 0 0 0 100 0 11 14 0 189 0 0.19 0.09 0.10 0 0 7645720 483620 7162100 0 18028 222560 27616 17360 119928 346988 0 0 0 0 0 0 736 0 0 58088 0 0 0 0 0 0 0 7152
20120605 11:05:03 0 0 0 0 0 0 0 100 0 25 16 0 189 0 0.18 0.09 0.10 0 0 7645720 483628 7162092 0 18032 222576 27624 17360 119928 346988 0 0 0 0 0 0 416 0 0 58092 0 68 5 0 0 0 0 7160
20120605 11:05:08 0 0 0 0 0 0 0 100 0 19 16 0 189 0 0.16 0.09 0.10 0 0 7645720 483620 7162100 0 18040 222576 27616 17360 119928 346988 0 0 0 0 0 0 76 0 0 58108 0 94 0 0 0 0 0 7152
20120605 11:05:13 0 0 0 0 0 0 0 100 0 39 40 1 189 0 0.15 0.09 0.10 0 0 7645720 483868 7161852 0 18048 222576 27616 17360 119936 346988 0 0 0 0 0 0 80 0 0 58120 0 5 188 0 0 0 0 7152
20120605 11:05:18 0 0 0 0 0 0 0 100 0 47 43 1 189 0 0.14 0.09 0.10 0 0 7645720 483744 7161976 0 18048 222232 27616 17360 119936 346988 0 0 0 0 0 0 80 0 0 57900 0 0 376 0 0 0 0 7152
20120605 11:05:23 0 0 0 0 0 0 0 100 0 16 18 0 189 0 0.13 0.09 0.10 0 0 7645720 483744 7161976 0 18056 222228 27616 17360 119936 346988 0 0 0 0 0 0 104 0 0 57904 0 9 5 0 0 0 0 7152
20120605 11:05:28 20 0 4 0 0 0 8 68 32 462 256 14 200 2 0.20 0.10 0.11 1 0 7645720 538604 7107116 0 18056 221840 27768 17636 174788 423200 0 0 0 0 0 0 404 0 0 57556 0 0 15895 0 0 0 0 7264
20120605 11:05:33 12 0 1 0 0 0 5 82 18 196 90 4 196 0 0.26 0.12 0.11 0 0 7645720 491528 7154192 0 18064 222232 27688 17376 127792 391192 0 0 0 0 0 0 800 0 0 57912 0 22 3906 0 0 0 0 7200
20120605 11:05:38 0 0 0 0 0 0 0 100 0 17 16 0 196 0 0.24 0.12 0.11 0 0 7645720 491528 7154192 0 18072 222232 27688 17376 127796 391192 0 0 0 0 0 0 692 0 0 57916 0 34 0 0 0 0 0 7200
20120605 11:05:43 0 0 0 0 0 0 0 100 0 13 16 0 196 0 0.22 0.11 0.11 0 0 7645720 491520 7154200 0 18072 222232 27680 17376 127796 391192 0 0 0 0 0 0 692 0 0 57916 0 0 5 0 0 0 0 7200
20120605 11:05:48 0 0 0 0 0 0 0 100 0 13 15 0 196 0 0.20 0.11 0.11 0 0 7645720 491520 7154200 0 18072 222232 27680 17376 127800 391192 0 0 0 0 0 0 692 0 0 57916 0 0 0 0 0 0 0 7200
20120605 11:05:53 5 0 3 0 0 0 1 91 9 857 609 16 210 0 0.19 0.11 0.11 0 0 7645720 514164 7131556 0 18140 222296 27812 17388 149384 453052 0 0 0 0 0 0 808 0 0 57804 0 84 8459 0 0 0 0 7312
20120605 11:05:58 0 0 0 0 0 0 0 100 0 25 22 0 210 0 0.17 0.11 0.11 0 0 7645720 514140 7131580 0 18148 222304 27788 17388 149344 453052 0 0 0 0 0 0 684 0 0 57804 0 63 0 0 0 0 0 7304
20120605 11:06:03 0 0 0 0 0 0 0 99 1 28 20 0 210 0 0.16 0.11 0.11 1 0 7645720 514140 7131580 0 18148 222328 27788 17388 149344 453052 0 0 0 0 0 0 192 0 0 57824 0 99 5 0 0 0 0 7304
20120605 11:06:08 0 0 0 0 0 0 0 100 0 40 83 0 208 0 0.14 0.10 0.11 0 0 7645720 514180 7131540 0 18172 222324 27828 17388 149292 452844 0 0 0 0 0 0 144 0 0 57852 0 22 13 0 0 0 0 7312
20120605 11:06:13 0 0 0 0 0 0 0 100 0 58 43 0 198 0 0.13 0.10 0.11 1 0 7645720 496800 7148920 0 18172 222292 27768 17380 132532 396012 0 0 0 0 0 0 140 0 0 57820 0 0 190 0 0 0 0 7264
20120605 11:06:18 0 0 0 0 0 0 0 100 0 20 18 0 198 0 0.12 0.10 0.11 0 0 7645720 496800 7148920 0 18180 222292 27768 17380 132532 396012 0 0 0 0 0 0 132 0 0 57824 0 11 0 0 0 0 0 7264
20120605 11:06:23 0 0 0 0 0 0 0 100 0 15 17 0 198 0 0.11 0.10 0.11 0 0 7645720 496800 7148920 0 18180 222292 27768 17380 132532 396012 0 0 0 0 0 0 132 0 0 57828 0 0 5 0 0 0 0 7264
20120605 11:06:28 0 0 0 0 0 0 0 100 0 18 14 0 198 0 0.10 0.10 0.11 0 0 7645720 496800 7148920 0 18180 222292 27768 17380 132536 396012 0 0 0 0 0 0 16 0 0 57824 0 20 0 0 0 0 0 7264
20120605 11:06:33 0 0 0 0 0 0 0 100 0 18 20 0 198 0 0.10 0.10 0.10 0 0 7645720 496800 7148920 0 18188 222292 27768 17380 132536 396012 0 0 0 0 0 0 40 0 0 57832 0 10 5 0 0 0 0 7264
20120605 11:06:38 1 0 1 0 0 0 0 98 2 154 112 6 189 0 0.09 0.09 0.10 0 0 7645720 483700 7162020 0 18188 222292 27708 17360 119964 346992 0 0 0 0 0 0 32 0 0 57772 0 0 3419 0 0 0 0 7236
20120605 11:06:43 0 0 0 0 0 0 0 100 0 14 17 0 189 0 0.08 0.09 0.10 0 0 7645720 483700 7162020 0 18196 222292 27708 17360 119968 346992 0 0 0 0 0 0 32 0 0 57776 0 5 5 0 0 0 0 7236
20120605 11:06:48 0 0 0 0 0 0 0 100 0 12 13 0 189 0 0.07 0.09 0.10 0 0 7645720 483700 7162020 0 18196 222292 27708 17360 119968 346992 0 0 0 0 0 0 32 0 0 57776 0 0 0 0 0 0 0 7236
20120605 11:06:53 0 0 0 0 0 0 0 100 0 14 16 0 189 0 0.07 0.09 0.10 1 0 7645720 483700 7162020 0 18196 222292 27708 17360 119968 346992 0 0 0 0 0 0 32 0 0 57776 0 0 5 0 0 0 0 7236
20120605 11:06:58 0 0 0 0 0 0 0 100 0 12 14 0 189 0 0.06 0.09 0.10 0 0 7645720 483700 7162020 0 18196 222292 27708 17360 119968 346992 0 0 0 0 0 0 32 0 0 57776 0 0 0 0 0 0 0 7236
20120605 11:07:03 0 0 0 0 0 0 0 99 1 16 16 0 189 0 0.06 0.09 0.10 0 0 7645720 483824 7161896 0 18196 222308 27708 17360 119972 346992 0 0 0 0 0 0 52 0 0 57776 0 0 5 0 0 0 0 7236
20120605 11:07:08 0 0 0 0 0 0 0 100 0 15 15 0 189 0 0.05 0.09 0.10 0 0 7645720 483824 7161896 0 18204 222308 27708 17360 119976 346992 0 0 0 0 0 0 16 0 0 57796 0 10 0 0 0 0 0 7236
20120605 11:07:13 0 0 0 0 0 0 0 100 0 14 15 0 189 0 0.05 0.08 0.10 1 0 7645720 483824 7161896 0 18204 222308 27708 17360 119976 346992 0 0 0 0 0 0 16 0 0 57800 0 0 5 0 0 0 0 7236
20120605 11:07:18 0 0 0 0 0 0 0 100 0 12 14 0 189 0 0.05 0.08 0.10 0 0 7645720 483824 7161896 0 18204 222308 27708 17360 119976 346992 0 0 0 0 0 0 16 0 0 57800 0 0 0 0 0 0 0 7236
20120605 11:07:23 0 0 0 0 0 0 0 100 0 14 16 0 189 0 0.04 0.08 0.10 0 0 7645720 483824 7161896 0 18204 222308 27708 17360 119976 346992 0 0 0 0 0 0 16 0 0 57800 0 0 5 0 0 0 0 7236
20120605 11:07:28 0 0 0 0 0 0 0 100 0 13 13 0 189 0 0.04 0.08 0.10 0 0 7645720 483824 7161896 0 18204 222308 27708 17360 119976 346992 0 0 0 0 0 0 16 0 0 57800 0 0 0 0 0 0 0 7236
20120605 11:07:33 0 0 0 0 0 0 0 100 0 58 65 0 189 0 0.04 0.08 0.10 0 0 7645720 483824 7161896 0 18228 222308 27704 17360 119976 346992 0 0 0 0 0 0 80 0 0 57824 0 32 5 0 0 0 0 7232
20120605 11:07:38 0 0 0 0 0 0 0 100 0 13 14 0 189 0 0.03 0.08 0.10 0 0 7645720 483824 7161896 0 18236 222308 27704 17360 119980 346992 0 0 0 0 0 0 76 0 0 57824 0 10 0 0 0 0 0 7232
20120605 11:07:43 0 0 0 0 0 0 0 100 0 13 15 0 189 0 0.03 0.08 0.10 0 0 7645720 483824 7161896 0 18236 222308 27704 17360 119980 346992 0 0 0 0 0 0 76 0 0 57832 0 0 5 0 0 0 0 7232
20120605 11:07:48 0 0 0 0 0 0 0 100 0 12 14 0 189 0 0.03 0.07 0.10 0 0 7645720 483824 7161896 0 18236 222308 27704 17360 119984 346992 0 0 0 0 0 0 76 0 0 57832 0 0 0 0 0 0 0 7232
20120605 11:07:53 0 0 0 0 0 0 0 100 0 15 16 0 189 0 0.03 0.07 0.10 0 0 7645720 483948 7161772 0 18236 222308 27712 17360 119984 346992 0 0 0 0 0 0 76 0 0 57832 0 0 5 0 0 0 0 7236
20120605 11:07:58 0 0 0 0 0 0 0 100 0 13 13 0 189 0 0.02 0.07 0.10 0 0 7645720 483948 7161772 0 18236 222308 27712 17360 119984 346992 0 0 0 0 0 0 76 0 0 57832 0 0 0 0 0 0 0 7236
20120605 11:08:03 0 0 0 0 0 0 0 100 0 19 16 0 189 0 0.02 0.07 0.10 0 0 7645720 483948 7161772 0 18236 222324 27712 17360 119984 346992 0 0 0 0 0 0 96 0 0 57832 0 12 5 0 0 0 0 7236
20120605 11:08:08 18 0 5 0 0 0 7 70 30 539 325 21 200 2 0.02 0.07 0.10 1 0 7645720 549112 7096608 0 18244 221828 27728 17624 184928 434804 0 0 0 0 0 0 288 0 0 57396 0 64 17742 0 0 0 0 7244
20120605 11:08:13 13 0 1 0 0 0 5 81 19 183 63 0 189 0 0.10 0.08 0.10 0 0 7645720 483752 7161968 0 18256 222288 27640 17360 119988 346992 0 0 0 0 0 0 840 0 0 57768 0 22 3758 0 0 0 0 7176
20120605 11:08:18 0 0 0 0 0 0 0 100 0 13 16 0 189 0 0.09 0.08 0.10 0 0 7645720 483744 7161976 0 18264 222288 27632 17360 119992 346992 0 0 0 0 0 0 832 0 0 57768 0 9 0 0 0 0 0 7176
20120605 11:08:23 0 0 0 0 0 0 0 100 0 14 16 0 189 0 0.08 0.08 0.10 0 0 7645720 483744 7161976 0 18264 222288 27632 17360 119992 346992 0 0 0 0 0 0 832 0 0 57768 0 0 5 0 0 0 0 7176
20120605 11:08:28 0 0 0 0 0 0 0 100 0 13 14 0 189 0 0.08 0.08 0.10 0 0 7645720 483744 7161976 0 18264 222288 27632 17360 119992 346992 0 0 0 0 0 0 832 0 0 57772 0 0 0 0 0 0 0 7176
20120605 11:08:33 0 0 0 0 0 0 0 100 0 14 16 0 189 0 0.07 0.08 0.10 0 0 7645720 483744 7161976 0 18264 222288 27632 17360 119992 346992 0 0 0 0 0 0 816 0 0 57776 0 3 5 0 0 0 0 7176
20120605 11:08:38 0 0 0 0 0 0 0 100 0 20 17 0 189 0 0.06 0.08 0.10 1 0 7645720 483736 7161984 0 18272 222288 27624 17360 119996 346992 0 0 0 0 0 0 620 0 0 57780 0 46 0 0 0 0 0 7168
20120605 11:08:43 0 0 0 0 0 0 0 100 0 24 18 0 189 0 0.06 0.08 0.10 0 0 7645720 483800 7161920 0 18280 222280 27688 17360 119996 346992 0 0 0 0 0 0 24 0 0 57780 0 124 5 0 0 0 0 7184
20120605 11:08:48 0 0 0 0 0 0 0 100 0 13 15 0 189 0 0.05 0.07 0.10 0 0 7645720 483744 7161976 0 18288 222284 27632 17360 119996 346992 0 0 0 0 0 0 28 0 0 57792 0 6 0 0 0 0 0 7176
20120605 11:08:53 0 0 0 0 0 0 0 100 0 14 16 0 189 0 0.05 0.07 0.10 0 0 7645720 483744 7161976 0 18288 222288 27632 17360 119996 346992 0 0 0 0 0 0 52 0 0 57792 0 0 5 0 0 0 0 7176
20120605 11:08:58 0 0 0 0 0 0 0 100 0 13 14 0 189 0 0.05 0.07 0.10 0 0 7645720 483744 7161976 0 18288 222288 27632 17360 120000 346992 0 0 0 0 0 0 52 0 0 57796 0 0 0 0 0 0 0 7176
20120605 11:09:03 0 0 0 0 0 0 0 99 1 16 16 0 189 0 0.04 0.07 0.10 0 0 7645720 483868 7161852 0 18288 222300 27628 17360 120000 346992 0 0 0 0 0 0 68 0 0 57796 0 0 5 0 0 0 0 7172
20120605 11:09:08 0 0 0 0 0 0 0 100 0 15 15 0 189 0 0.04 0.07 0.10 0 0 7645720 483868 7161852 0 18296 222300 27628 17360 120000 346992 0 0 0 0 0 0 12 0 0 57812 0 14 0 0 0 0 0 7172
20120605 11:09:13 0 0 0 0 0 0 0 100 0 13 15 0 189 0 0.04 0.07 0.09 0 0 7645720 483868 7161852 0 18296 222300 27628 17360 120000 346992 0 0 0 0 0 0 12 0 0 57812 0 0 5 0 0 0 0 7172
20120605 11:09:18 2 0 1 0 0 0 1 96 4 198 152 12 194 1 0.03 0.07 0.09 1 0 7645720 485688 7160032 0 18296 221564 27740 17512 121488 352876 0 0 0 0 0 0 20 0 0 57212 0 0 5359 0 0 0 0 7252
20120605 11:09:23 35 0 5 0 0 0 13 47 53 458 192 6 198 1 0.11 0.08 0.10 1 0 7645720 492088 7153632 0 18304 222272 27756 17344 127692 394744 0 0 0 0 0 0 720 0 0 57776 0 17 14956 0 0 0 0 7276
20120605 11:09:28 0 0 0 0 0 0 0 99 1 29 30 0 196 0 0.10 0.08 0.10 0 0 7645720 491916 7153804 0 18312 222300 27712 17376 127856 391192 0 0 0 0 0 0 772 0 0 57820 0 10 240 0 0 0 0 7248
20120605 11:09:33 0 0 0 0 0 0 0 100 0 13 16 0 196 0 0.09 0.08 0.10 0 0 7645720 491916 7153804 0 18312 222300 27712 17376 127860 391192 0 0 0 0 0 0 760 0 0 57824 0 2 5 0 0 0 0 7248
20120605 11:09:38 0 0 0 0 0 0 0 100 0 13 15 0 196 0 0.09 0.08 0.10 0 0 7645720 491916 7153804 0 18320 222292 27712 17376 127860 391192 0 0 0 0 0 0 760 0 0 57828 0 4 0 0 0 0 0 7248
20120605 11:09:43 0 0 0 0 0 0 0 100 0 13 15 0 196 0 0.08 0.08 0.10 0 0 7645720 492040 7153680 0 18320 222300 27712 17376 127860 391192 0 0 0 0 0 0 768 0 0 57828 0 0 5 0 0 0 0 7248
20120605 11:09:48 0 0 0 0 0 0 0 100 0 12 14 0 196 0 0.07 0.08 0.10 0 0 7645720 492040 7153680 0 18320 222300 27712 17376 127860 391192 0 0 0 0 0 0 768 0 0 57836 0 0 0 0 0 0 0 7248
20120605 11:09:53 0 0 0 0 0 0 0 100 0 18 16 0 196 0 0.07 0.08 0.10 0 0 7645720 492072 7153648 0 18320 222300 27744 17376 127860 391192 0 0 0 0 0 0 352 0 0 57836 0 83 5 0 0 0 0 7248
20120605 11:09:58 0 0 0 0 0 0 0 100 0 20 16 0 196 0 0.06 0.07 0.10 0 0 7645720 492040 7153680 0 18328 222300 27712 17376 127860 391192 0 0 0 0 0 0 12 0 0 57840 0 71 0 0 0 0 0 7248
20120605 11:10:03 0 0 0 0 0 0 0 100 0 19 18 0 196 0 0.06 0.07 0.10 0 0 7645720 492164 7153556 0 18336 222308 27712 17376 127864 391192 0 0 0 0 0 0 32 0 0 57840 0 6 5 0 0 0 0 7248
20120605 11:10:08 0 0 0 0 0 0 0 100 0 13 14 0 196 0 0.05 0.07 0.09 1 0 7645720 492172 7153548 0 18336 222316 27720 17376 127868 391192 0 0 0 0 0 0 48 0 0 57856 0 0 0 0 0 0 0 7248
20120605 11:10:13 1 0 1 0 0 0 0 98 2 162 129 7 198 0 0.05 0.07 0.09 0 0 7645720 492576 7153144 0 18336 222320 27712 17400 128916 394780 0 0 0 0 0 0 60 0 0 57864 0 0 3660 0 0 0 0 7240
20120605 11:10:18 4 0 2 0 0 0 1 94 6 846 626 10 210 0 0.04 0.07 0.09 0 0 7645720 514732 7130988 0 18408 222392 27888 17392 149168 452580 0 0 0 0 0 0 172 0 0 57820 0 87 4788 0 0 0 0 7344
20120605 11:10:23 0 0 0 0 0 0 0 100 0 204 152 0 210 0 0.04 0.07 0.09 0 0 7645720 514716 7131004 0 18416 222392 27872 17392 149316 453556 0 0 0 0 0 0 132 0 0 57824 0 18 13 0 0 0 0 7328
20120605 11:10:28 0 0 0 0 0 0 0 100 0 18 19 0 210 0 0.04 0.07 0.09 0 0 7645720 514708 7131012 0 18416 222392 27864 17392 149316 453556 0 0 0 0 0 0 48 0 0 57828 0 17 0 0 0 0 0 7328
20120605 11:10:33 0 0 0 0 0 0 0 100 0 15 16 0 210 0 0.03 0.07 0.09 0 0 7645720 514708 7131012 0 18416 222392 27864 17392 149320 453556 0 0 0 0 0 0 48 0 0 57828 0 3 5 0 0 0 0 7328
20120605 11:10:38 0 0 0 0 0 0 0 100 0 22 23 0 210 0 0.03 0.07 0.09 0 0 7645720 514708 7131012 0 18424 222384 27864 17392 149324 453556 0 0 0 0 0 0 32 0 0 57828 0 4 0 0 0 0 0 7328
20120605 11:10:43 0 0 0 0 0 0 0 100 0 24 20 0 210 0 0.03 0.06 0.09 0 0 7645720 514708 7131012 0 18424 222392 27860 17392 149352 453556 0 0 0 0 0 0 44 0 0 57828 0 0 6 0 0 0 0 7328
20120605 11:10:48 0 0 0 0 0 0 0 100 0 26 23 0 210 0 0.03 0.06 0.09 0 0 7645720 514708 7131012 0 18424 222392 27860 17392 149352 453556 0 0 0 0 0 0 12 0 0 57836 0 6 1 0 0 0 0 7328
20120605 11:10:53 0 0 0 0 0 0 0 100 0 19 21 0 210 0 0.02 0.06 0.09 0 0 7645720 514708 7131012 0 18432 222384 27860 17392 149356 453556 0 0 0 0 0 0 12 0 0 57836 0 5 5 0 0 0 0 7328
20120605 11:10:58 0 0 0 0 0 0 0 100 0 23 20 0 210 0 0.02 0.06 0.09 0 0 7645720 514708 7131012 0 18432 222392 27860 17392 149360 453556 0 0 0 0 0 0 24 0 0 57836 0 0 0 0 0 0 0 7328
20120605 11:11:03 4 0 5 0 0 1 2 89 11 845 2037 0 210 3 0.18 0.09 0.10 3 0 7645720 517592 7128128 0 18432 222408 27892 17396 152260 457456 0 0 0 0 0 0 44 0 0 57816 0 0 154 0 0 0 0 7344
20120605 11:11:08 5 0 5 0 0 0 2 88 12 1030 2285 0 210 1 0.17 0.09 0.10 0 0 7645720 520040 7125680 0 18440 222408 27860 17396 154792 460788 0 0 0 0 0 0 48 0 0 57820 0 5 129 0 0 0 0 7312
20120605 11:11:13 5 0 4 0 0 0 2 89 11 655 1687 0 210 1 0.15 0.09 0.10 0 0 7645720 522644 7123076 0 18440 222408 27860 17396 157340 463144 0 0 0 0 0 0 48 0 0 57820 0 6 131 0 0 0 0 7312
20120605 11:11:18 4 0 5 0 0 0 2 89 11 676 1806 0 210 0 0.14 0.09 0.10 0 0 7645720 525124 7120596 0 18440 222408 27860 17396 159832 465040 0 0 0 0 0 0 16 0 0 57836 0 0 126 0 0 0 0 7312
20120605 11:11:23 4 0 4 0 0 0 2 90 10 603 1629 0 210 2 0.13 0.09 0.10 2 0 7645720 527976 7117744 0 18440 222408 27868 17396 162328 467856 0 0 0 0 0 0 16 0 0 57836 0 0 128 0 0 0 0 7316
20120605 11:11:28 3 0 3 0 0 0 1 92 8 402 1117 0 210 4 0.28 0.12 0.11 2 0 7645720 529712 7116008 0 18440 222408 27868 17396 164112 471136 0 0 0 0 0 0 16 0 0 57836 0 0 91 0 0 0 0 7316
20120605 11:11:33 5 0 5 0 0 1 3 86 14 1080 2622 0 210 1 0.26 0.12 0.11 0 0 7645720 532812 7112908 0 18440 222408 27868 17396 167224 474928 0 0 0 0 0 0 16 0 0 57836 0 3 163 0 0 0 0 7316
20120605 11:11:38 5 0 5 0 0 0 2 87 13 988 2398 0 210 0 0.24 0.12 0.11 0 0 7645720 535688 7110032 0 18448 222400 27892 17396 170012 478668 0 0 0 0 0 0 0 0 0 57836 0 4 140 0 0 0 0 7340
20120605 11:11:43 3 0 4 0 0 0 2 90 10 526 1502 0 210 0 0.22 0.11 0.11 0 0 7645720 538044 7107676 0 18448 222408 27892 17396 172396 478668 0 0 0 0 0 0 12 0 0 57840 0 0 123 0 0 0 0 7340
20120605 11:11:48 4 0 4 0 0 1 2 89 11 935 2087 0 210 2 0.36 0.14 0.12 2 0 7645720 540268 7105452 0 18448 222408 27884 17396 174556 481484 0 0 0 0 0 0 12 0 0 57840 0 0 115 0 0 0 0 7332
20120605 11:11:53 6 0 6 0 0 1 3 85 15 1243 2982 0 210 0 0.33 0.14 0.12 0 0 7645720 543524 7102196 0 18448 222408 27908 17396 177724 485684 0 0 0 0 0 0 12 0 0 57840 0 0 162 0 0 0 0 7356
20120605 11:11:58 5 0 5 0 0 0 2 88 12 857 2090 0 210 0 0.30 0.14 0.12 0 0 7645720 546336 7099384 0 18448 222408 27868 17396 180528 485684 0 0 0 0 0 0 12 0 0 57844 0 0 141 0 0 0 0 7312
20120605 11:12:03 5 0 4 0 0 0 3 87 13 784 2484 0 210 0 0.36 0.15 0.12 0 0 7645720 549096 7096624 0 18448 222424 27900 17396 183268 493624 0 0 0 0 0 0 32 0 0 57856 0 0 141 0 0 0 0 7344
20120605 11:12:08 4 0 4 0 0 0 2 89 11 818 1862 0 210 2 0.41 0.17 0.13 2 0 7645720 551428 7094292 0 18456 222424 27876 17396 185524 493624 0 0 0 0 0 0 28 0 0 57860 0 6 118 0 0 0 0 7320
20120605 11:12:13 7 0 6 0 0 0 4 83 17 1419 3214 0 210 0 0.38 0.17 0.13 0 0 7645720 554924 7090796 0 18456 222424 27900 17396 189024 495520 0 0 0 0 0 0 16 0 0 57860 0 0 185 0 0 0 0 7352
20120605 11:12:18 4 0 4 0 0 0 2 89 11 554 1466 0 210 0 0.35 0.16 0.12 0 0 7645720 557388 7088332 0 18456 222424 27884 17396 191484 498744 0 0 0 0 0 0 16 0 0 57864 0 0 128 0 0 0 0 7328
20120605 11:12:23 3 0 5 0 0 0 2 89 11 643 1668 0 211 2 0.32 0.16 0.12 2 0 7645720 560372 7085348 0 18456 222424 27900 17524 194468 503144 0 0 0 0 0 0 16 0 0 57864 0 0 233 0 0 0 0 7344
20120605 11:12:28 3 0 3 0 0 0 2 92 8 442 1196 0 211 0 0.45 0.19 0.13 0 0 7645720 562232 7083488 0 18456 222424 27900 17524 196344 503144 0 0 0 0 0 0 16 0 0 57864 0 0 95 0 0 0 0 7344
20120605 11:12:33 5 0 5 0 0 0 3 86 14 938 2538 0 211 0 0.42 0.19 0.13 0 0 7645720 565348 7080372 0 18456 222424 27908 17524 199492 510160 0 0 0 0 0 0 16 0 0 57864 0 3 160 0 0 0 0 7344
20120605 11:12:38 5 0 6 0 0 0 2 87 13 1035 2445 0 211 0 0.38 0.18 0.13 0 0 7645720 568448 7077272 0 18456 222424 27916 17524 202332 510160 0 0 0 0 0 0 0 0 0 57864 0 0 146 0 0 0 0 7352
20120605 11:12:43 5 0 5 0 0 0 3 86 14 1033 2413 0 211 3 0.51 0.21 0.14 3 0 7645720 571292 7074428 0 18464 222424 27908 17524 205308 515280 0 0 0 0 0 0 12 0 0 57864 0 4 150 0 0 0 0 7344
20120605 11:12:48 3 0 4 0 0 0 2 91 9 546 1375 0 211 0 0.63 0.24 0.15 0 0 7645720 573400 7072320 0 18464 222424 27908 17524 207312 519480 0 0 0 0 0 0 12 0 0 57864 0 0 100 0 0 0 0 7344
20120605 11:12:53 4 0 4 0 0 0 2 89 11 535 1476 0 211 0 0.58 0.24 0.15 0 0 7645720 575756 7069964 0 18464 222424 27908 17524 209720 519480 0 0 0 0 0 0 12 0 0 57864 0 0 127 0 0 0 0 7344
20120605 11:12:58 5 0 5 0 0 0 2 87 13 1073 2491 0 211 0 0.54 0.24 0.15 0 0 7645720 578624 7067096 0 18464 222424 27924 17524 212624 524600 0 0 0 0 0 0 12 0 0 57872 0 0 147 0 0 0 0 7360
20120605 11:13:03 4 0 4 0 0 0 2 89 11 563 1476 0 211 2 0.49 0.23 0.15 2 0 7645720 581104 7064616 0 18464 222444 27924 17524 214908 524600 0 0 0 0 0 0 36 0 0 57872 0 0 123 0 0 0 0 7360
20120605 11:13:08 4 0 4 0 0 0 2 90 10 612 1491 0 211 0 0.61 0.26 0.16 0 0 7645720 583196 7062524 0 18472 222444 27908 17524 217028 524600 0 0 0 0 0 0 32 0 0 57888 0 3 103 0 0 0 0 7344
20120605 11:13:13 3 0 3 0 0 0 1 94 6 332 949 0 211 0 0.56 0.26 0.16 0 0 7645720 584684 7061036 0 18472 222444 27908 17524 218592 524600 0 0 0 0 0 0 20 0 0 57892 0 2 83 0 0 0 0 7344
20120605 11:13:18 0 0 0 0 0 0 0 100 0 28 31 0 211 0 0.52 0.25 0.16 0 0 7645720 584808 7060912 0 18488 222436 27908 17524 218624 524600 0 0 0 0 0 0 68 0 0 57888 0 16 3 0 0 0 0 7344
20120605 11:13:23 0 0 0 0 0 0 0 100 0 23 27 0 211 0 0.48 0.25 0.16 0 0 7645720 584932 7060788 0 18496 222436 27908 17524 218624 524600 0 0 0 0 0 0 68 0 0 57896 0 6 5 0 0 0 0 7344
20120605 11:13:28 0 0 0 0 0 0 0 100 0 22 22 0 211 0 0.44 0.25 0.16 0 0 7645720 584932 7060788 0 18496 222436 27908 17524 218624 524600 0 0 0 0 0 0 68 0 0 57896 0 0 0 0 0 0 0 7344
20120605 11:13:33 3 0 3 0 0 0 1 92 8 469 1198 0 211 1 0.40 0.24 0.16 0 0 7645720 586792 7058928 0 18496 222436 27908 17524 220492 529720 0 0 0 0 0 0 68 0 0 57896 0 0 99 0 0 0 0 7344
20120605 11:13:38 6 0 5 0 0 0 2 87 13 1001 2353 0 211 0 0.37 0.24 0.15 0 0 7645720 589544 7056176 0 18496 222436 27932 17524 223340 534380 0 0 0 0 0 0 48 0 0 57896 0 4 142 0 0 0 0 7368
20120605 11:13:43 5 0 5 0 0 0 2 87 13 869 2334 0 211 0 0.42 0.25 0.16 0 0 7645720 592396 7053324 0 18504 222436 27932 17524 226076 534380 0 0 0 0 0 0 56 0 0 57896 0 4 149 0 0 0 0 7368
20120605 11:13:48 4 0 5 0 0 0 2 89 11 801 1948 0 211 2 0.55 0.28 0.17 2 0 7645720 594984 7050736 0 18504 222436 27916 17524 228792 539500 0 0 0 0 0 0 56 0 0 57896 0 0 131 0 0 0 0 7352
20120605 11:13:53 5 0 5 0 0 1 3 86 14 1093 2695 0 211 0 0.50 0.27 0.17 0 0 7645720 597580 7048140 0 18504 222436 27908 17524 231532 539500 0 0 0 0 0 0 0 0 0 57896 0 10 144 0 0 0 0 7344
20120605 11:13:58 5 0 5 0 0 0 2 88 12 882 2121 0 211 0 0.46 0.27 0.17 0 0 7645720 600556 7045164 0 18512 222436 27908 17524 234348 539500 0 0 0 0 0 0 12 0 0 57896 0 4 144 0 0 0 0 7344
20120605 11:14:03 5 0 5 0 0 1 3 86 14 941 3064 0 211 0 0.59 0.30 0.18 0 0 7645720 603780 7041940 0 18512 222452 27908 17524 237616 544620 0 0 0 0 0 0 32 0 0 57932 0 0 170 0 0 0 0 7344
20120605 11:14:08 4 0 4 0 0 0 2 90 10 894 2175 0 211 2 0.70 0.33 0.19 2 0 7645720 606144 7039576 0 18520 222452 27916 17524 240004 549740 0 0 0 0 0 0 32 0 0 57932 0 3 123 0 0 0 0 7352
20120605 11:14:13 6 0 6 0 0 1 3 85 15 1284 2955 0 211 0 0.64 0.32 0.19 0 0 7645720 609244 7036476 0 18520 222452 27916 17524 243080 549740 0 0 0 0 0 0 32 0 0 57932 0 0 157 0 0 0 0 7352
20120605 11:14:18 5 0 6 0 0 0 3 86 14 1000 2520 0 211 1 0.59 0.32 0.18 0 0 7645720 611964 7033756 0 18520 222452 27908 17524 245888 556296 0 0 0 0 0 0 32 0 0 57940 0 0 149 0 0 0 0 7344
20120605 11:14:23 5 0 5 0 0 0 3 87 13 944 2234 0 211 0 0.55 0.31 0.18 0 0 7645720 615072 7030648 0 18520 222452 27916 17524 248688 558652 0 0 0 0 0 0 32 0 0 57940 0 0 148 0 0 0 0 7352
20120605 11:14:28 4 0 4 0 0 1 2 89 11 876 2039 0 211 3 0.66 0.34 0.19 3 0 7645720 617304 7028416 0 18520 222452 27916 17524 251092 558652 0 0 0 0 0 0 16 0 0 57940 0 3 131 0 0 0 0 7352
20120605 11:14:33 5 0 5 0 0 1 3 87 13 1055 2359 0 211 1 0.77 0.37 0.20 0 0 7645720 620264 7025456 0 18520 222452 27900 17524 253912 568892 0 0 0 0 0 0 16 0 0 57940 0 0 148 0 0 0 0 7336
20120605 11:14:38 4 0 5 0 0 0 2 88 12 758 1920 0 211 0 0.71 0.36 0.20 0 0 7645720 622884 7022836 0 18520 222452 27916 17524 256600 568892 0 0 0 0 0 0 0 0 0 57940 0 3 136 0 0 0 0 7352
20120605 11:14:43 6 0 5 0 0 1 3 86 14 876 2105 0 211 0 0.65 0.35 0.20 0 0 7645720 625736 7019984 0 18528 222452 27916 17524 259368 568892 0 0 0 0 0 0 12 0 0 57940 0 4 152 0 0 0 0 7352
20120605 11:14:48 4 0 4 0 0 0 2 90 10 755 1902 0 211 2 0.60 0.35 0.20 2 0 7645720 628092 7017628 0 18528 222452 27916 17524 261840 574012 0 0 0 0 0 0 12 0 0 57940 0 0 119 0 0 0 0 7352
20120605 11:14:53 5 0 5 0 0 1 3 86 14 1113 2445 0 211 0 0.71 0.38 0.21 0 0 7645720 630804 7014916 0 18528 222452 27900 17524 264584 574012 0 0 0 0 0 0 12 0 0 57940 0 0 145 0 0 0 0 7336
20120605 11:14:58 4 0 5 0 0 0 2 88 12 856 2149 0 211 0 0.65 0.37 0.21 0 0 7645720 633540 7012180 0 18528 222452 27908 17524 267280 574012 0 0 0 0 0 0 12 0 0 57940 0 0 135 0 0 0 0 7344
20120605 11:15:03 5 0 5 0 0 0 2 87 13 894 2376 0 211 2 0.76 0.40 0.22 2 0 7645720 636260 7009460 0 18528 222468 27900 17524 269944 579132 0 0 0 0 0 0 32 0 0 57940 0 0 142 0 0 0 0 7344
20120605 11:15:08 3 0 3 0 0 0 2 92 8 486 1281 0 211 3 0.86 0.42 0.23 1 0 7645720 638252 7007468 0 18536 222468 27908 17524 272036 584252 0 0 0 0 0 0 28 0 0 57964 0 3 105 0 0 0 0 7344
20120605 11:15:13 7 0 6 0 0 1 4 82 18 1541 3351 0 211 0 0.79 0.42 0.23 0 0 7645720 641748 7003972 0 18536 222468 27924 17524 275512 584252 0 0 0 0 0 0 16 0 0 57964 0 2 178 0 0 0 0 7344
20120605 11:15:18 4 0 4 0 0 0 3 89 11 469 1478 0 211 1 0.73 0.41 0.23 1 0 7645720 644236 7001484 0 18536 222468 27940 17524 277916 589372 0 0 0 0 0 0 16 0 0 57964 0 0 122 0 0 0 0 7376
20120605 11:15:23 5 0 5 0 0 0 2 87 13 1003 2394 0 211 2 0.83 0.44 0.24 3 0 7645720 647204 6998516 0 18536 222468 27932 17524 280836 589372 0 0 0 0 0 0 16 0 0 57964 0 0 154 0 0 0 0 7368
20120605 11:15:28 5 0 4 0 0 0 3 88 12 949 2134 0 211 1 0.92 0.46 0.25 0 0 7645720 649552 6996168 0 18536 222468 27924 17524 283276 589372 0 0 0 0 0 0 16 0 0 57964 0 0 124 0 0 0 0 7360
20120605 11:15:33 4 0 4 0 0 0 2 90 10 640 1679 0 211 0 0.85 0.45 0.24 0 0 7645720 652156 6993564 0 18536 222468 27924 17524 285828 594492 0 0 0 0 0 0 0 0 0 57964 0 3 134 0 0 0 0 7360
20120605 11:15:38 5 0 6 0 0 1 2 86 13 1040 2397 0 211 0 0.78 0.45 0.24 0 0 7645720 654984 6990736 0 18544 222468 27900 17524 288744 599612 0 0 0 0 0 0 12 0 0 57964 0 4 149 0 0 0 0 7336
20120605 11:15:43 3 0 2 0 0 0 1 93 7 374 979 0 211 0 0.72 0.44 0.24 0 0 7645720 656596 6989124 0 18544 222468 27900 17524 290348 599612 0 0 0 0 0 0 12 0 0 57972 0 0 87 0 0 0 0 7336
20120605 11:15:48 0 0 0 0 0 0 0 100 0 23 24 0 211 0 0.66 0.43 0.24 0 0 7645720 656596 6989124 0 18544 222468 27900 17524 290412 599612 0 0 0 0 0 0 12 0 0 57972 0 0 0 0 0 0 0 7336
20120605 11:15:53 0 0 0 0 0 0 0 100 0 18 20 0 211 0 0.61 0.43 0.24 0 0 7645720 656596 6989124 0 18544 222468 27900 17524 290412 599612 0 0 0 0 0 0 12 0 0 57972 0 0 5 0 0 0 0 7336
20120605 11:15:58 0 0 0 0 0 0 0 100 0 23 25 0 211 0 0.56 0.42 0.24 0 0 7645720 656596 6989124 0 18544 222468 27900 17524 290412 599612 0 0 0 0 0 0 12 0 0 57972 0 0 0 0 0 0 0 7336
20120605 11:16:03 5 0 3 0 0 0 2 89 11 748 1756 0 211 2 0.52 0.41 0.23 2 0 7645720 659108 6986612 0 18544 222484 27932 17524 292764 604732 0 0 0 0 0 0 32 0 0 57984 0 0 124 0 0 0 0 7368
20120605 11:16:08 5 0 5 0 0 1 2 87 13 1114 2539 0 211 1 0.63 0.44 0.24 0 0 7645720 662316 6983404 0 18552 222484 27916 17524 295900 604732 0 0 0 0 0 0 28 0 0 57988 0 6 159 0 0 0 0 7352
20120605 11:16:13 5 0 5 0 0 0 2 88 12 782 1937 0 211 1 0.58 0.43 0.24 0 0 7645720 665044 6980676 0 18552 222484 27916 17524 298608 604732 0 0 0 0 0 0 16 0 0 57992 0 0 142 0 0 0 0 7352
20120605 11:16:18 4 0 4 0 0 0 2 89 11 658 1718 0 211 0 0.54 0.42 0.24 0 0 7645720 667648 6978072 0 18552 222484 27916 17524 301184 609852 0 0 0 0 0 0 16 0 0 57992 0 0 129 0 0 0 0 7352
20120605 11:16:23 4 0 4 0 0 0 1 90 10 631 1666 0 211 3 0.49 0.42 0.24 3 0 7645720 670252 6975468 0 18552 222484 27916 17524 303748 609852 0 0 0 0 0 0 16 0 0 57992 0 0 130 0 0 0 0 7352
20120605 11:16:28 3 0 4 0 0 0 2 90 10 620 1508 0 211 1 0.61 0.44 0.25 0 0 7645720 672236 6973484 0 18552 222484 27916 17524 305740 609852 0 0 0 0 0 0 16 0 0 57992 0 0 102 0 0 0 0 7352
20120605 11:16:33 4 0 4 0 0 0 2 90 10 553 1511 0 211 1 0.56 0.44 0.25 0 0 7645720 674716 6971004 0 18552 222484 27916 17524 308176 620092 0 0 0 0 0 0 16 0 0 57992 0 3 127 0 0 0 0 7352
20120605 11:16:38 3 0 4 0 0 0 2 89 11 560 1537 0 211 0 0.52 0.43 0.25 0 0 7645720 677188 6968532 0 18560 222476 27908 17524 310640 620092 0 0 0 0 0 0 0 0 0 57992 0 4 123 0 0 0 0 7344
20120605 11:16:43 4 0 4 0 0 0 2 90 10 650 1637 0 211 3 0.48 0.42 0.24 2 0 7645720 679544 6966176 0 18560 222484 27908 17524 313048 620092 0 0 0 0 0 0 12 0 0 58000 0 0 123 0 0 0 0 7344
20120605 11:16:48 4 0 4 0 0 0 2 89 11 752 1771 0 211 0 0.60 0.45 0.25 0 0 7645720 681776 6963944 0 18560 222484 27908 17524 315328 625212 0 0 0 0 0 0 12 0 0 58000 0 0 116 0 0 0 0 7344
20120605 11:16:53 5 0 4 0 0 0 2 89 11 744 1845 0 211 0 0.55 0.44 0.25 0 0 7645720 684396 6961324 0 18560 222484 27924 17524 317940 625212 0 0 0 0 0 0 12 0 0 58000 0 0 136 0 0 0 0 7344
20120605 11:16:58 4 0 5 0 0 0 3 88 12 800 2025 0 211 0 0.51 0.43 0.25 0 0 7645720 687008 6958712 0 18560 222484 27932 17524 320652 628028 0 0 0 0 0 0 12 0 0 58004 0 0 141 0 0 0 0 7368
20120605 11:17:03 4 0 4 0 0 0 2 89 11 785 1867 1 211 3 0.47 0.43 0.25 3 0 7645720 689660 6956060 0 18564 222512 28000 17524 322848 633152 0 0 0 0 0 0 44 0 0 58008 2 0 314 0 0 0 0 7416
20120605 11:17:08 5 0 6 0 0 1 3 86 14 1230 2694 0 211 0 0.59 0.45 0.26 0 0 7645720 692720 6953000 0 18572 222512 27964 17524 326052 638272 0 0 0 0 0 0 64 0 0 58012 0 21 158 0 0 0 0 7376
20120605 11:17:13 6 0 4 0 0 0 2 87 13 939 2232 0 211 0 0.54 0.44 0.26 0 0 7645720 695596 6950124 0 18572 222512 27988 17524 328896 643392 0 0 0 0 0 0 20 0 0 58016 0 0 148 0 0 0 0 7400
20120605 11:17:18 5 0 5 0 0 0 2 88 12 849 2122 0 211 0 0.50 0.44 0.26 0 0 7645720 698456 6947264 0 18572 222512 27996 17524 331736 643392 0 0 0 0 0 0 20 0 0 58016 0 0 144 0 0 0 0 7408
20120605 11:17:23 4 0 4 0 0 0 2 91 9 685 1703 0 211 1 0.46 0.43 0.25 1 0 7645720 700680 6945040 0 18572 222512 27988 17524 334068 643392 0 0 0 0 0 0 20 0 0 58016 0 0 120 0 0 0 0 7400
20120605 11:17:28 5 0 5 0 0 1 3 87 13 984 2258 0 211 0 0.58 0.46 0.26 0 0 7645720 703408 6942312 0 18572 222512 27988 17524 336752 648512 0 0 0 0 0 0 20 0 0 58016 0 0 135 0 0 0 0 7400
20120605 11:17:33 5 0 4 0 0 0 2 89 11 683 1716 0 211 0 0.54 0.45 0.26 0 0 7645720 705896 6939824 0 18572 222512 27996 17524 339328 648512 0 0 0 0 0 0 20 0 0 58016 0 4 135 0 0 0 0 7392
20120605 11:17:38 4 0 4 0 0 0 3 89 11 632 1790 0 211 0 0.49 0.44 0.26 0 0 7645720 708608 6937112 0 18572 222512 27980 17524 341904 648512 0 0 0 0 0 0 0 0 0 58016 0 0 129 0 0 0 0 7392
20120605 11:17:43 3 0 4 0 0 0 2 91 9 550 1523 0 211 2 0.45 0.43 0.26 2 0 7645720 711088 6934632 0 18580 222512 27980 17524 344244 658752 0 0 0 0 0 0 12 0 0 58020 0 4 125 0 0 0 0 7392
20120605 11:17:48 3 0 4 0 0 0 2 91 9 555 1426 0 211 0 0.58 0.46 0.27 0 0 7645720 713072 6932648 0 18580 222512 27980 17524 346384 658752 0 0 0 0 0 0 12 0 0 58020 0 0 103 0 0 0 0 7392
20120605 11:17:53 5 0 5 0 0 0 3 87 13 947 2447 0 211 0 0.69 0.48 0.28 0 0 7645720 715924 6929796 0 18580 222512 27980 17524 349192 658752 0 0 0 0 0 0 12 0 0 58020 0 0 148 0 0 0 0 7392
20120605 11:17:58 5 0 5 0 0 0 2 88 12 884 2165 0 211 1 0.64 0.48 0.28 0 0 7645720 718652 6927068 0 18580 222512 27980 17524 352020 663872 0 0 0 0 0 0 12 0 0 58020 0 0 139 0 0 0 0 7392
20120605 11:18:03 5 0 5 0 0 1 2 87 13 934 2298 0 211 0 0.58 0.47 0.27 0 0 7645720 721652 6924068 0 18580 222528 28008 17524 354984 663872 0 0 0 0 0 0 32 0 0 58032 0 0 154 0 0 0 0 7420
20120605 11:18:08 4 0 4 0 0 0 2 89 11 826 1939 0 211 3 0.54 0.46 0.27 3 0 7645720 724008 6921712 0 18588 222528 28008 17524 357200 664004 0 0 0 0 0 0 28 0 0 58040 0 3 119 0 0 0 0 7416
20120605 11:18:13 4 0 3 0 0 0 2 91 9 805 1827 0 211 0 0.66 0.49 0.28 0 0 7645720 725868 6919852 0 18588 222528 28008 17524 359268 664004 0 0 0 0 0 0 16 0 0 58040 0 2 111 0 0 0 0 7416
20120605 11:18:18 0 0 0 0 0 0 0 100 0 22 24 0 211 0 0.60 0.48 0.28 0 0 7645720 725852 6919868 0 18588 222528 27992 17524 359276 664004 0 0 0 0 0 0 16 0 0 58040 0 0 0 0 0 0 0 7400
20120605 11:18:23 0 0 0 0 0 0 0 100 0 19 22 0 211 0 0.55 0.47 0.28 0 0 7645720 726100 6919620 0 18588 222528 27992 17524 359276 664004 0 0 0 0 0 0 16 0 0 58040 0 0 5 0 0 0 0 7400
20120605 11:18:28 0 0 0 0 0 0 0 100 0 21 24 0 211 0 0.51 0.46 0.28 0 0 7645720 726100 6919620 0 18588 222528 27992 17524 359276 664004 0 0 0 0 0 0 16 0 0 58040 0 0 0 0 0 0 0 7400
20120605 11:18:33 0 0 0 0 0 0 0 100 0 22 24 0 211 0 0.47 0.45 0.28 0 0 7645720 726100 6919620 0 18588 222528 27992 17524 359276 664004 0 0 0 0 0 0 16 0 0 58040 0 0 5 0 0 0 0 7400
20120605 11:18:38 1 0 2 0 0 0 1 97 3 172 448 0 211 3 0.43 0.45 0.28 3 0 7645720 726844 6918876 0 18588 222528 27992 17524 360028 674244 0 0 0 0 0 0 0 0 0 58040 0 3 38 0 0 0 0 7400
20120605 11:18:43 6 0 5 0 0 1 3 85 15 1323 3014 0 211 0 0.56 0.47 0.28 0 0 7645720 729960 6915760 0 18596 222528 27976 17524 363136 674244 0 0 0 0 0 0 12 0 0 58040 0 4 167 0 0 0 0 7384
20120605 11:18:48 6 0 5 0 0 1 3 87 13 981 2319 0 211 0 0.51 0.47 0.28 0 0 7645720 732936 6912784 0 18596 222528 28008 17524 366052 674244 0 0 0 0 0 0 12 0 0 58044 0 0 149 0 0 0 0 7416
20120605 11:18:53 5 0 5 0 0 1 3 86 14 1006 2491 0 211 3 0.55 0.47 0.29 3 0 7645720 735672 6910048 0 18596 222528 28016 17524 368956 679364 0 0 0 0 0 0 12 0 0 58044 0 0 150 0 0 0 0 7424
20120605 11:18:58 3 0 4 0 0 0 1 92 8 464 1251 0 211 1 0.51 0.47 0.29 0 0 7645720 737656 6908064 0 18596 222528 28016 17524 370864 679364 0 0 0 0 0 0 12 0 0 58044 0 0 97 0 0 0 0 7424
20120605 11:19:03 5 0 5 0 0 0 3 87 13 991 2414 0 211 0 0.63 0.49 0.29 0 0 7645720 740492 6905228 0 18596 222544 28000 17524 373708 679364 0 0 0 0 0 0 32 0 0 58044 0 0 153 0 0 0 0 7416
20120605 11:19:08 4 0 4 0 0 1 2 89 11 645 1710 0 211 0 0.58 0.48 0.29 0 0 7645720 743088 6902632 0 18604 222544 27992 17524 376336 684484 0 0 0 0 0 0 28 0 0 58068 0 3 131 0 0 0 0 7400
20120605 11:19:13 4 0 4 0 0 0 2 90 10 622 1645 0 211 3 0.53 0.48 0.29 3 0 7645720 745560 6900160 0 18604 222544 27984 17524 378592 689604 0 0 0 0 0 0 16 0 0 58068 0 2 120 0 0 0 0 7392
20120605 11:19:18 5 0 3 0 0 1 3 89 11 791 1889 0 211 0 0.65 0.50 0.30 0 0 7645720 747916 6897804 0 18604 222544 27984 17524 381120 689604 0 0 0 0 0 0 16 0 0 58068 0 0 124 0 0 0 0 7392
20120605 11:19:23 4 0 4 0 0 0 2 89 11 662 1714 0 211 0 0.76 0.53 0.31 0 0 7645720 750644 6895076 0 18604 222544 27984 17524 383660 694724 0 0 0 0 0 0 16 0 0 58068 0 0 133 0 0 0 0 7392
20120605 11:19:28 4 0 4 0 0 0 2 90 10 642 1713 0 211 0 0.70 0.52 0.31 0 0 7645720 753124 6892596 0 18604 222544 27984 17524 386244 694724 0 0 0 0 0 0 16 0 0 58068 0 0 129 0 0 0 0 7392
20120605 11:19:33 4 0 4 0 0 0 3 90 10 505 1437 0 211 3 0.64 0.51 0.31 1 0 7645720 755356 6890364 0 18604 222544 27984 17524 388440 694724 0 0 0 0 0 0 16 0 0 58068 0 0 118 0 0 0 0 7392
20120605 11:19:38 3 0 4 0 0 0 1 91 9 663 1659 0 211 1 0.59 0.50 0.31 0 0 7645720 757712 6888008 0 18604 222544 27984 17524 390708 699844 0 0 0 0 0 0 0 0 0 58068 0 3 112 0 0 0 0 7392
20120605 11:19:43 5 0 5 0 0 1 2 87 13 1009 2350 0 211 0 0.70 0.53 0.32 0 0 7645720 760820 6884900 0 18612 222544 27984 17524 393908 699844 0 0 0 0 0 0 12 0 0 58068 0 4 162 0 0 0 0 7392
20120605 11:19:48 4 0 4 0 0 0 2 89 11 529 1481 0 211 0 0.65 0.52 0.31 0 0 7645720 763176 6882544 0 18612 222544 27992 17524 396300 704964 0 0 0 0 0 0 12 0 0 58076 0 0 121 0 0 0 0 7400
20120605 11:19:53 4 0 4 0 0 0 2 90 10 599 1585 0 211 3 0.59 0.51 0.31 3 0 7645720 765516 6880204 0 18612 222544 27976 17524 398692 710084 0 0 0 0 0 0 12 0 0 58076 0 0 124 0 0 0 0 7384
20120605 11:19:58 3 0 3 0 0 0 1 91 9 563 1422 0 211 1 0.55 0.50 0.31 0 0 7645720 767632 6878088 0 18612 222544 27984 17524 400800 710084 0 0 0 0 0 0 12 0 0 58076 0 0 105 0 0 0 0 7392
20120605 11:20:03 5 0 4 0 0 0 2 89 11 529 1456 0 211 0 0.58 0.51 0.31 0 0 7645720 770128 6875592 0 18612 222560 28004 17524 403240 710084 0 0 0 0 0 0 32 0 0 58088 0 0 127 0 0 0 0 7396
20120605 11:20:08 5 0 5 0 0 1 3 87 13 902 2278 0 211 1 0.54 0.50 0.31 0 0 7645720 772864 6872856 0 18620 222560 28008 17524 406084 720380 0 0 0 0 0 0 28 0 0 58096 0 3 151 0 0 0 0 7416
20120605 11:20:13 5 0 5 0 0 0 3 87 13 809 2095 0 211 0 0.49 0.49 0.31 0 0 7645720 775816 6869904 0 18620 222560 27984 17524 408868 720380 0 0 0 0 0 0 16 0 0 58100 0 2 153 0 0 0 0 7392
20120605 11:20:18 4 0 4 0 0 0 2 89 11 780 1870 0 211 1 0.45 0.48 0.31 1 0 7645720 776808 6868912 0 18620 222560 27984 17524 409936 720380 0 0 0 0 0 0 16 0 0 58100 0 0 57 0 0 0 0 7392
20120605 11:20:23 6 0 5 0 0 1 3 85 15 1166 2545 0 211 0 0.58 0.51 0.32 0 0 7645720 777560 6868160 0 18620 222560 28000 17524 410784 720380 0 0 0 0 0 0 16 0 0 58100 0 0 49 0 0 0 0 7404
20120605 11:20:28 5 0 5 0 0 1 3 87 13 920 2180 0 211 1 0.53 0.50 0.32 0 0 7645720 779180 6866540 0 18620 222560 28000 17524 412336 720380 0 0 0 0 0 0 16 0 0 58100 0 0 80 0 0 0 0 7408
20120605 11:20:33 6 0 5 0 0 0 2 87 13 973 2315 0 211 0 0.49 0.49 0.32 0 0 7645720 781304 6864416 0 18620 222560 28016 17524 414384 730620 0 0 0 0 0 0 0 0 0 58100 0 3 110 0 0 0 0 7424
20120605 11:20:38 4 0 5 0 0 0 2 89 11 874 2057 0 211 3 0.45 0.48 0.31 3 0 7645720 782892 6862828 0 18628 222560 27992 17524 416100 730620 0 0 0 0 0 0 12 0 0 58100 0 4 90 0 0 0 0 7400
20120605 11:20:43 6 0 5 0 0 0 3 86 14 1145 2577 0 211 1 0.57 0.51 0.32 0 0 7645720 784992 6860728 0 18628 222560 27984 17524 418144 730620 0 0 0 0 0 0 12 0 0 58100 0 0 113 0 0 0 0 7392
20120605 11:20:48 5 0 5 0 0 0 3 87 13 910 2162 0 211 0 0.53 0.50 0.32 0 0 7645720 787000 6858720 0 18628 222560 28008 17524 420140 730620 0 0 0 0 0 0 12 0 0 58108 0 0 102 0 0 0 0 7416
20120605 11:20:53 1 0 1 0 0 0 0 99 1 94 229 0 211 0 0.49 0.49 0.32 0 0 7645720 787356 6858364 0 18628 222560 27992 17524 420440 730620 0 0 0 0 0 0 12 0 0 58108 0 0 20 0 0 0 0 7400
20120605 11:20:58 0 0 0 0 0 0 0 100 0 23 25 0 211 0 0.45 0.48 0.32 0 0 7645720 787340 6858380 0 18628 222560 27976 17524 420440 730620 0 0 0 0 0 0 12 0 0 58108 0 0 0 0 0 0 0 7384
20120605 11:21:03 6 0 4 0 0 1 2 88 12 1854 2474 0 211 0 0.41 0.48 0.32 0 0 7645720 789704 6856016 0 18628 222588 27980 17524 422856 734672 0 0 0 0 0 0 44 0 0 58124 0 0 130 0 0 0 0 7388
20120605 11:21:08 8 0 5 0 0 1 2 85 15 2533 3377 0 211 3 0.38 0.47 0.31 2 0 7645720 791812 6853908 0 18636 222604 27980 17524 424980 740768 0 0 0 0 0 0 44 0 0 58116 0 14 116 0 0 0 0 7388
20120605 11:21:13 5 0 4 0 0 0 2 89 11 1525 2226 0 211 1 0.35 0.46 0.31 0 0 7645720 793424 6852296 0 18644 222600 27980 17524 426768 743640 0 0 0 0 0 0 48 0 0 58112 0 2 88 0 0 0 0 7388
20120605 11:21:18 7 0 4 0 0 0 2 86 14 2080 2955 0 211 0 0.40 0.47 0.32 0 0 7645720 796508 6849212 0 18644 222612 27980 17524 429632 745536 0 0 0 0 0 0 56 0 0 58112 0 0 148 0 0 0 0 7388
20120605 11:21:23 6 0 4 0 0 1 2 87 13 2028 2687 0 211 0 0.37 0.46 0.32 0 0 7645720 799360 6846360 0 18652 222616 27964 17524 432472 746972 0 0 0 0 0 0 60 0 0 58140 0 2 163 0 0 0 0 7372
20120605 11:21:28 6 0 4 0 0 1 1 88 12 1910 2733 0 211 2 0.34 0.45 0.31 2 0 7645720 801964 6843756 0 18652 222616 27964 17524 435012 754448 0 0 0 0 0 0 60 0 0 58144 0 0 131 0 0 0 0 7372
20120605 11:21:33 10 0 6 0 0 1 2 80 20 3162 3866 0 211 0 0.31 0.45 0.31 0 0 7645720 804732 6840988 0 18660 222632 28004 17524 437924 755424 0 0 0 0 0 0 4 0 0 58160 0 17 146 0 0 0 0 7412
20120605 11:21:38 11 0 10 0 0 1 5 73 27 3896 5728 0 211 0 0.29 0.44 0.31 0 0 7645720 810328 6835392 0 18668 222648 28024 17524 443356 760136 0 0 0 0 0 0 40 0 0 58160 0 6 273 0 0 0 0 7428
20120605 11:21:43 11 0 8 0 0 1 4 75 25 3776 4653 0 211 0 0.26 0.43 0.31 0 0 7645720 815892 6829828 0 18676 222648 28008 17524 448816 760136 0 0 0 0 0 0 36 0 0 58192 0 3 291 0 0 0 0 7412
20120605 11:21:48 11 0 10 0 0 1 5 73 27 3675 5265 0 211 2 0.24 0.42 0.31 2 0 7645720 820704 6825016 0 18676 222660 28000 17524 453644 771480 0 0 0 0 0 0 28 0 0 58204 0 3 256 0 0 0 0 7404
20120605 11:21:53 14 0 12 0 0 2 5 67 33 4739 6765 0 211 2 0.38 0.45 0.32 2 0 7645720 826036 6819684 0 18684 222684 27984 17524 459168 782288 0 0 0 0 0 0 56 0 0 58212 0 2 284 0 0 0 0 7388
20120605 11:21:58 9 0 8 0 0 1 3 79 21 3556 4214 0 211 0 0.35 0.44 0.32 0 0 7645720 830756 6814964 0 18692 222688 27992 17524 463716 780852 0 0 0 0 0 0 64 0 0 58232 0 2 262 0 0 0 0 7396
20120605 11:22:03 12 0 10 0 0 1 6 71 29 3182 4889 0 211 2 0.32 0.44 0.31 2 0 7645720 835708 6810012 0 18692 222724 27984 17524 468736 787868 0 0 0 0 0 0 100 0 0 58264 0 0 269 0 0 0 0 7388
20120605 11:22:08 13 0 10 0 0 1 5 71 29 4575 5201 0 211 1 0.30 0.43 0.31 1 0 7645720 840916 6804804 0 18700 222736 27984 17524 473960 787868 0 0 0 0 0 0 28 0 0 58276 0 21 268 0 0 0 0 7388
20120605 11:22:13 13 0 9 0 0 2 4 71 29 4153 5688 0 211 3 0.27 0.42 0.31 3 0 7645720 845784 6799936 0 18708 222756 28016 17524 478868 794916 0 0 0 0 0 0 56 0 0 58288 0 5 255 0 0 0 0 7420
20120605 11:22:18 10 0 9 0 0 1 3 77 23 3510 4935 0 211 0 0.25 0.41 0.31 0 0 7645720 849224 6796496 0 18716 222756 27984 17524 482420 801776 0 0 0 0 0 0 64 0 0 58304 0 2 249 0 0 0 0 7388
20120605 11:22:23 12 0 9 0 0 2 4 73 27 4043 4683 0 211 0 0.23 0.41 0.31 0 0 7645720 854788 6790932 0 18716 222768 27976 17524 487708 810580 0 0 0 0 0 0 52 0 0 58312 0 2 284 0 0 0 0 7376
20120605 11:22:28 10 0 8 0 0 1 4 77 23 3566 4408 0 211 2 0.21 0.40 0.31 2 0 7645720 859888 6785832 0 18724 222768 27992 17524 492556 812016 0 0 0 0 0 0 56 0 0 58308 0 2 258 0 0 0 0 7392
20120605 11:22:33 13 0 10 0 0 1 5 70 30 4495 6084 0 211 3 0.20 0.39 0.31 3 0 7645720 865500 6780220 0 18732 222780 28020 17524 498412 814628 0 0 0 0 0 0 60 0 0 58316 0 9 299 0 0 0 0 7416
20120605 11:22:38 10 0 9 0 0 1 4 77 23 2912 4073 0 211 0 0.18 0.39 0.30 0 0 7645720 869792 6775928 0 18740 222788 27976 17524 502480 824280 0 0 0 0 0 0 76 0 0 58336 0 2 218 0 0 0 0 7372
20120605 11:22:43 12 0 9 0 0 1 4 74 26 4063 5659 0 211 3 0.17 0.38 0.30 3 0 7645720 875264 6770456 0 18740 222812 28008 17524 507980 834116 0 0 0 0 0 0 16 0 0 58368 0 15 294 0 0 0 0 7404
20120605 11:22:48 9 0 8 0 0 1 3 79 21 2808 3784 0 211 3 0.15 0.37 0.30 3 0 7645720 879356 6766364 0 18748 222816 28008 17524 512200 831704 0 0 0 0 0 0 28 0 0 58368 0 5 246 0 0 0 0 7404
20120605 11:22:53 12 0 10 0 0 1 5 73 27 4339 5628 0 211 0 0.14 0.37 0.30 0 0 7645720 883604 6762116 0 18756 222808 28020 17524 516648 837672 0 0 0 0 0 0 28 0 0 58376 0 3 270 0 0 0 0 7412
20120605 11:22:58 13 0 9 0 0 1 4 72 28 4067 5785 0 211 0 0.13 0.36 0.30 0 0 7645720 889092 6756628 0 18756 222832 28052 17524 521868 841024 0 0 0 0 0 0 20 0 0 58384 0 3 311 0 0 0 0 7444
20120605 11:23:03 11 0 7 0 0 1 4 77 23 2743 3814 0 211 0 0.12 0.36 0.30 0 0 7645720 893848 6751872 0 18764 222848 27972 17524 526732 847580 0 0 0 0 0 0 44 0 0 58408 0 4 254 0 0 0 0 7372
20120605 11:23:08 10 0 9 0 0 1 4 76 24 4018 4718 0 211 3 0.11 0.35 0.30 3 0 7645720 898584 6747136 0 18764 222856 27996 17524 531324 852700 0 0 0 0 0 0 52 0 0 58408 0 0 271 0 0 0 0 7396
20120605 11:23:13 10 0 8 0 0 1 4 77 23 3514 4269 0 211 0 0.10 0.34 0.29 0 0 7645720 903288 6742432 0 18772 222856 27988 17524 536048 857820 0 0 0 0 0 0 52 0 0 58420 0 2 236 0 0 0 0 7388
20120605 11:23:18 3 0 2 0 0 0 1 94 6 1019 1032 0 211 2 0.09 0.34 0.29 2 0 7645720 906016 6739704 0 18772 222856 27988 17524 538712 861504 0 0 0 0 0 0 24 0 0 58424 0 6 143 0 0 0 0 7388
20120605 11:23:23 4 0 3 0 0 0 2 91 9 766 1495 0 211 1 0.09 0.33 0.29 0 0 7645720 908008 6737712 0 18780 222848 27996 17524 540784 861504 0 0 0 0 0 0 24 0 0 58424 0 4 104 0 0 0 0 7388
20120605 11:23:28 4 0 5 0 0 0 2 89 11 923 1984 0 210 0 0.08 0.33 0.29 0 0 7645720 910240 6735480 0 18780 222856 27992 17396 543072 860840 0 0 0 0 0 0 32 0 0 58424 0 0 140 0 0 0 0 7392
20120605 11:23:33 8 0 7 0 0 1 3 81 19 2381 3784 1 211 1 0.23 0.36 0.30 0 0 7645720 913456 6732264 0 18780 222856 27988 17440 546336 865816 0 0 0 0 0 0 4 0 0 58428 0 4 491 0 0 0 0 7388
20120605 11:23:38 11 0 8 0 0 1 4 76 24 3294 4234 0 211 0 0.21 0.35 0.30 0 0 7645720 918332 6727388 0 18788 222872 28028 17440 551108 870388 0 0 0 0 0 0 40 0 0 58440 0 6 265 0 0 0 0 7428
20120605 11:23:43 9 0 7 0 0 1 3 80 20 3138 4037 0 211 0 0.20 0.34 0.30 0 0 7645720 922640 6723080 0 18796 222884 28008 17440 555180 876944 0 0 0 0 0 0 48 0 0 58460 0 3 207 0 0 0 0 7404
20120605 11:23:48 7 0 5 0 0 1 1 86 14 2213 3055 0 211 0 0.18 0.34 0.29 0 0 7645720 925468 6720252 0 18796 222892 27992 17440 558044 882064 0 0 0 0 0 0 56 0 0 58456 0 0 143 0 0 0 0 7388
20120605 11:23:53 7 0 6 0 0 1 1 85 15 2577 3603 0 211 1 0.17 0.33 0.29 1 0 7645720 927724 6717996 0 18804 222912 28016 17440 560224 882064 0 0 0 0 0 0 76 0 0 58468 0 2 113 0 0 0 0 7412
20120605 11:23:58 6 0 4 0 0 1 2 87 13 1862 2809 0 211 0 0.15 0.33 0.29 0 0 7645720 929476 6716244 0 18812 222912 28016 17440 562064 882064 0 0 0 0 0 0 84 0 0 58468 0 2 88 0 0 0 0 7412
20120605 11:24:03 10 0 7 0 0 1 3 80 20 2800 3792 0 211 2 0.14 0.32 0.29 2 0 7645720 933056 6712664 0 18812 222952 28000 17440 565584 882064 0 0 0 0 0 0 40 0 0 58536 0 16 187 0 0 0 0 7396
20120605 11:24:08 10 0 7 0 0 2 3 79 21 2936 3689 0 211 2 0.13 0.32 0.29 2 0 7645720 937760 6707960 0 18820 222964 27996 17440 570188 887184 0 0 0 0 0 0 28 0 0 58548 0 11 233 0 0 0 0 7388
20120605 11:24:13 15 0 11 0 0 1 7 66 34 4991 6639 0 211 2 0.12 0.31 0.29 2 0 7645720 943860 6701860 0 18820 222984 28020 17440 576376 899188 0 0 0 0 0 0 48 0 0 58556 0 0 360 0 0 0 0 7412
20120605 11:24:18 10 0 8 0 0 1 4 78 22 2975 3808 0 211 0 0.11 0.31 0.29 0 0 7645720 946092 6699628 0 18828 223000 28020 17440 578456 896576 0 0 0 0 0 0 68 0 0 58572 0 2 128 0 0 0 0 7412
20120605 11:24:23 13 0 9 0 0 1 5 72 28 4015 5472 0 211 0 0.10 0.30 0.28 0 0 7645720 949540 6696180 0 18836 223012 27996 17440 581844 906816 0 0 0 0 0 0 80 0 0 58596 0 2 185 0 0 0 0 7396
20120605 11:24:28 12 0 8 0 0 1 3 75 25 3813 5761 0 211 1 0.09 0.30 0.28 1 0 7645720 952864 6692856 0 18836 223024 27980 17440 585212 906816 0 0 0 0 0 0 92 0 0 58604 0 0 202 0 0 0 0 7380
20120605 11:24:33 13 0 9 0 0 1 4 73 27 4167 6043 0 211 3 0.09 0.29 0.28 3 0 7645720 956772 6688948 0 18844 223040 28036 17440 589080 907792 0 0 0 0 0 0 92 0 0 58616 0 6 201 0 0 0 0 7428
20120605 11:24:38 9 0 7 0 0 1 5 79 21 2849 3735 0 211 1 0.08 0.29 0.28 0 0 7645720 959352 6686368 0 18852 223040 28028 17440 591436 911488 0 0 0 0 0 0 100 0 0 58616 0 25 164 0 0 0 0 7420
20120605 11:24:43 10 0 9 0 0 1 3 77 23 3227 4580 0 211 0 0.07 0.28 0.28 0 0 7645720 962916 6682804 0 18852 223060 27996 17440 595252 911348 0 0 0 0 0 0 36 0 0 58644 0 0 210 0 0 0 0 7388
20120605 11:24:48 11 0 9 0 0 1 4 76 24 3529 5037 0 211 1 0.07 0.28 0.28 1 0 7645720 967024 6678696 0 18860 223068 27996 17440 599392 912324 0 0 0 0 0 0 20 0 0 58656 0 7 208 0 0 0 0 7388
20120605 11:24:53 12 0 10 0 0 2 5 72 28 4119 6120 0 211 0 0.06 0.27 0.28 0 0 7645720 971388 6674332 0 18860 223084 28020 17440 603488 924000 0 0 0 0 0 0 36 0 0 58656 0 0 223 0 0 0 0 7420
20120605 11:24:58 10 0 10 0 0 1 4 76 24 3201 5011 0 211 0 0.06 0.27 0.27 0 0 7645720 975588 6670132 0 18868 223096 28004 17440 607800 927384 0 0 0 0 0 0 52 0 0 58676 0 2 252 0 0 0 0 7404
20120605 11:25:03 12 0 8 0 0 1 4 75 25 3844 4949 0 211 0 0.05 0.26 0.27 0 0 7645720 980548 6665172 0 18876 223124 28008 17440 612700 928272 0 0 0 0 0 0 84 0 0 58708 0 4 267 0 0 0 0 7396
20120605 11:25:08 10 0 8 0 0 1 4 77 23 3234 4466 0 211 2 0.05 0.26 0.27 2 0 7645720 984880 6660840 0 18876 223128 27984 17440 616852 938512 0 0 0 0 0 0 88 0 0 58704 0 0 217 0 0 0 0 7372
20120605 11:25:13 15 0 11 0 0 2 7 65 35 4709 6935 0 211 1 0.04 0.25 0.27 1 0 7645720 990368 6655352 0 18884 223152 28016 17440 622396 940924 0 0 0 0 0 0 44 0 0 58728 0 17 305 0 0 0 0 7404
20120605 11:25:18 9 0 8 0 0 1 4 78 22 2376 4081 0 211 0 0.04 0.25 0.27 0 0 7645720 994560 6651160 0 18892 223156 28008 17440 626528 944608 0 0 0 0 0 0 52 0 0 58732 0 5 206 0 0 0 0 7396
20120605 11:25:23 13 0 10 0 0 1 5 71 29 4285 5548 0 211 0 0.04 0.25 0.27 0 0 7645720 999512 6646208 0 18900 223172 28008 17440 631396 944608 0 0 0 0 0 0 68 0 0 58772 0 2 254 0 0 0 0 7392
20120605 11:25:28 11 0 8 0 0 1 4 75 25 4055 5885 0 211 1 0.03 0.24 0.27 2 0 7645720 1003240 6642480 0 18908 223188 28016 17440 635536 955212 0 0 0 0 0 0 68 0 0 58792 0 6 291 0 0 0 0 7400
20120605 11:25:33 12 0 10 0 0 1 5 72 28 4613 5715 0 211 0 0.03 0.24 0.26 0 0 7645720 1009060 6636660 0 18916 223188 28012 17440 640800 962228 0 0 0 0 0 0 52 0 0 58792 0 9 271 0 0 0 0 7392
20120605 11:25:38 11 0 8 0 0 1 3 77 23 3121 4168 0 211 0 0.03 0.23 0.26 0 0 7645720 1013416 6632304 0 18916 223208 28028 17440 645284 965452 0 0 0 0 0 0 84 0 0 58804 0 0 274 0 0 0 0 7408
20120605 11:25:43 10 0 8 0 0 1 3 78 22 3609 4483 0 211 0 0.03 0.23 0.26 0 0 7645720 1018632 6627088 0 18924 223208 28036 17440 650548 970572 0 0 0 0 0 0 84 0 0 58816 0 2 264 0 0 0 0 7416
20120605 11:25:48 4 0 4 0 0 0 2 90 10 944 1902 0 211 2 0.02 0.23 0.26 2 0 7645720 1021112 6624608 0 18924 223208 28036 17440 652956 970572 0 0 0 0 0 0 16 0 0 58816 0 14 121 0 0 0 0 7416
20120605 11:25:53 3 0 4 0 0 1 1 91 9 1129 1553 0 211 2 0.02 0.22 0.26 2 0 7645720 1023716 6622004 0 18932 223200 28036 17440 655532 970572 0 0 0 0 0 0 16 0 0 58816 0 4 166 0 0 0 0 7416
20120605 11:25:58 3 0 3 0 0 0 1 92 8 430 1158 0 211 3 0.02 0.22 0.26 2 0 7645720 1025576 6620144 0 18932 223208 28036 17440 657412 970572 0 0 0 0 0 0 20 0 0 58816 0 0 94 0 0 0 0 7416
20120605 11:26:03 13 0 12 0 0 1 5 69 31 3805 5535 0 211 0 0.02 0.22 0.26 0 0 7645720 1030528 6615192 0 18932 223232 28000 17440 662280 980812 0 0 0 0 0 0 52 0 0 58844 0 0 274 0 0 0 0 7392
20120605 11:26:08 12 0 9 0 0 1 4 74 26 3908 4862 0 211 2 0.02 0.21 0.25 2 0 7645720 1035216 6610504 0 18940 223248 28000 17440 667068 987368 0 0 0 0 0 0 40 0 0 58856 0 9 268 0 0 0 0 7392
20120605 11:26:13 8 0 7 0 0 1 3 82 18 2534 3612 0 211 0 0.02 0.21 0.25 0 0 7645720 1038984 6606736 0 18948 223248 28048 17440 670984 999504 0 0 0 0 0 0 48 0 0 58860 0 2 223 0 0 0 0 7432
20120605 11:26:18 6 0 5 0 0 1 2 86 14 2204 2924 0 211 0 0.01 0.20 0.25 0 0 7645720 1041184 6604536 0 18948 223260 28016 17440 673056 999504 0 0 0 0 0 0 56 0 0 58864 0 0 107 0 0 0 0 7400
20120605 11:26:23 6 0 4 0 0 1 2 87 13 2010 2943 0 211 0 0.01 0.20 0.25 0 0 7645720 1042796 6602924 0 18956 223264 28020 17440 674560 998068 0 0 0 0 0 0 60 0 0 58880 0 2 87 0 0 0 0 7408
20120605 11:26:28 7 0 5 0 0 0 2 86 14 2204 2891 0 211 3 0.01 0.20 0.25 3 0 7645720 1044764 6600956 0 18956 223272 28004 17440 676636 998068 0 0 0 0 0 0 68 0 0 58876 0 0 104 0 0 0 0 7392
20120605 11:26:33 5 0 3 0 0 0 1 91 9 1529 2222 0 211 1 0.01 0.19 0.25 0 0 7645720 1046260 6599460 0 18968 223268 28012 17440 678116 998068 0 0 0 0 0 0 68 0 0 58876 0 15 78 0 0 0 0 7392
20120605 11:26:38 6 0 4 0 0 1 2 86 14 1964 2948 0 211 1 0.01 0.19 0.25 0 0 7645720 1048492 6597228 0 18976 223276 28008 17440 680304 998068 0 0 0 0 0 0 28 0 0 58900 0 7 120 0 0 0 0 7392
20120605 11:26:43 7 0 5 0 0 1 2 87 13 1982 2930 0 211 0 0.01 0.19 0.24 0 0 7645720 1050468 6595252 0 18976 223280 28000 17440 682248 1008308 0 0 0 0 0 0 32 0 0 58908 0 0 99 0 0 0 0 7392
20120605 11:26:48 7 0 5 0 0 1 2 86 14 2359 3030 0 211 2 0.01 0.18 0.24 2 0 7645720 1052436 6593284 0 18984 223288 28000 17440 684244 1009744 0 0 0 0 0 0 16 0 0 58904 0 7 99 0 0 0 0 7392
20120605 11:26:53 5 0 3 0 0 1 2 89 11 1709 2453 0 211 1 0.01 0.18 0.24 0 0 7645720 1053948 6591772 0 18992 223288 28008 17440 685852 1008308 0 0 0 0 0 0 24 0 0 58916 0 2 83 0 0 0 0 7392
20120605 11:26:58 7 0 5 0 0 1 3 85 15 2256 3198 0 211 0 0.01 0.18 0.24 0 0 7645720 1055916 6589804 0 18992 223304 28004 17440 687536 1008308 0 0 0 0 0 0 36 0 0 58928 0 0 93 0 0 0 0 7388
20120605 11:27:03 7 0 5 0 0 1 2 86 14 2534 3245 0 211 0 0.01 0.18 0.24 0 0 7645720 1058528 6587192 0 19000 223328 28000 17440 690028 1013428 0 0 0 0 0 0 60 0 0 58932 0 4 133 0 0 0 0 7388
20120605 11:27:08 7 0 6 0 0 1 2 84 16 2863 3969 0 211 0 0.01 0.17 0.24 0 0 7645720 1060536 6585184 0 19008 223348 28024 17440 692168 1019984 0 0 0 0 0 0 36 0 0 58980 0 14 108 0 0 0 0 7412
20120605 11:27:13 6 0 4 0 0 1 1 89 11 2132 2618 0 211 0 0.01 0.17 0.23 0 0 7645720 1061916 6583804 0 19016 223352 28040 17440 693340 1019984 0 0 0 0 0 0 48 0 0 58980 0 6 65 0 0 0 0 7420
20120605 11:27:18 7 0 5 0 0 1 1 86 14 2417 3190 0 211 0 0.01 0.17 0.23 0 0 7645720 1063644 6582076 0 19016 223372 28044 17440 695128 1019984 0 0 0 0 0 0 68 0 0 58988 0 0 91 0 0 0 0 7420
20120605 11:27:23 7 0 5 0 0 1 1 87 13 2226 3132 0 211 0 0.01 0.16 0.23 0 0 7645720 1065992 6579728 0 19024 223380 28000 17440 697612 1019984 0 0 0 0 0 0 76 0 0 59004 0 2 131 0 0 0 0 7380
20120605 11:27:28 7 0 6 0 0 1 2 85 15 2610 3354 0 211 1 0.00 0.16 0.23 3 0 7645720 1068480 6577240 0 19024 223392 28040 17440 699972 1019984 0 0 0 0 0 0 68 0 0 59036 0 3 117 0 0 0 0 7420
20120605 11:27:33 5 0 4 0 0 1 2 88 12 1682 2410 0 211 1 0.00 0.16 0.23 0 0 7645720 1070092 6575628 0 19032 223396 28040 17440 701516 1019984 0 0 0 0 0 0 76 0 0 59036 0 6 83 0 0 0 0 7412
20120605 11:27:38 7 0 5 0 0 1 1 87 13 2188 3417 0 211 0 0.00 0.16 0.23 0 0 7645720 1072052 6573668 0 19040 223404 28012 17440 703688 1030224 0 0 0 0 0 0 80 0 0 59056 0 5 106 0 0 0 0 7388
20120605 11:27:43 6 0 4 0 0 1 2 87 13 1976 2919 0 211 0 0.00 0.15 0.23 0 0 7645720 1074524 6571196 0 19040 223404 28004 17440 706080 1030224 0 0 0 0 0 0 16 0 0 59068 0 13 130 0 0 0 0 7388
20120605 11:27:48 7 0 4 0 0 1 2 87 13 2023 2984 0 211 1 0.00 0.15 0.22 1 0 7645720 1077004 6568716 0 19048 223408 28004 17440 708576 1035344 0 0 0 0 0 0 32 0 0 59068 0 6 120 0 0 0 0 7388
20120605 11:27:53 8 0 5 0 0 1 3 84 16 2511 3310 0 211 1 0.00 0.15 0.22 2 0 7645720 1078160 6567560 0 19056 223420 28044 17440 709592 1033448 0 0 0 0 0 0 40 0 0 59076 0 3 90 0 0 0 0 7420
20120605 11:27:58 6 0 4 0 0 0 2 88 12 1920 2794 0 211 0 0.00 0.15 0.22 0 0 7645720 1079640 6566080 0 19064 223424 28036 17440 711028 1035344 0 0 0 0 0 0 52 0 0 59088 0 2 74 0 0 0 0 7412
20120605 11:28:03 8 0 5 0 0 1 1 85 15 2277 3419 0 211 0 0.00 0.14 0.22 0 0 7645720 1082252 6563468 0 19064 223464 28044 17440 713540 1040464 0 0 0 0 0 0 88 0 0 59100 0 3 133 0 0 0 0 7404
20120605 11:28:08 7 0 5 0 0 1 2 85 15 2360 4139 0 211 1 0.00 0.14 0.22 1 0 7645720 1083980 6561740 0 19072 223476 28036 17440 715428 1040464 0 0 0 0 0 0 80 0 0 59140 0 4 91 0 0 0 0 7420
20120605 11:28:13 5 0 4 0 0 1 1 89 11 1827 2841 0 211 1 0.00 0.14 0.22 0 0 7645720 1085080 6560640 0 19072 223488 28020 17440 716236 1038568 0 0 0 0 0 0 92 0 0 59144 0 0 61 0 0 0 0 7396
20120605 11:28:18 0 0 0 0 0 0 0 100 0 25 27 0 211 0 0.00 0.14 0.22 0 0 7645720 1085080 6560640 0 19080 223488 28020 17440 716264 1038568 0 0 0 0 0 0 92 0 0 59144 0 15 0 0 0 0 0 7396
20120605 11:28:23 0 0 0 0 0 0 0 100 0 19 23 0 211 0 0.00 0.13 0.22 0 0 7645720 1085196 6560524 0 19088 223488 28020 17440 716120 1037132 0 0 0 0 0 0 40 0 0 59176 0 5 5 0 0 0 0 7400
20120605 11:28:28 0 0 0 0 0 0 0 100 0 20 21 0 211 0 0.00 0.13 0.22 0 0 7645720 1085196 6560524 0 19088 223488 28020 17440 716120 1037132 0 0 0 0 0 0 40 0 0 59176 0 0 0 0 0 0 0 7400
20120605 11:28:33 0 0 0 0 0 0 0 100 0 24 23 0 211 0 0.00 0.13 0.22 0 0 7645720 1085204 6560516 0 19088 223488 28020 17440 716120 1037132 0 0 0 0 0 0 40 0 0 59184 0 4 5 0 0 0 0 7396
20120605 11:28:38 1 0 1 0 0 0 1 97 3 494 783 0 211 0 0.00 0.13 0.22 0 0 7645720 1085452 6560268 0 19096 223480 28020 17440 716564 1037132 0 0 0 0 0 0 20 0 0 59184 0 6 23 0 0 0 0 7396
20120605 11:28:43 8 0 6 0 0 1 1 85 15 3187 3727 0 211 3 0.00 0.13 0.21 3 0 7645720 1087104 6558616 0 19096 223512 28060 17440 718248 1042252 0 0 0 0 0 0 40 0 0 59192 0 0 94 0 0 0 0 7444
20120605 11:28:48 6 0 5 0 0 1 2 88 12 2071 2710 0 211 0 0.00 0.12 0.21 0 0 7645720 1088568 6557152 0 19104 223524 28032 17440 719808 1042252 0 0 0 0 0 0 52 0 0 59212 0 3 76 0 0 0 0 7412
20120605 11:28:53 7 0 5 0 0 1 2 85 15 2759 3357 0 211 0 0.00 0.12 0.21 0 0 7645720 1090892 6554828 0 19112 223540 28008 17440 722068 1044148 0 0 0 0 0 0 68 0 0 59232 0 2 130 0 0 0 0 7380
20120605 11:28:58 7 0 4 0 0 1 2 87 13 1909 3096 0 211 2 0.00 0.12 0.21 3 0 7645720 1093016 6552704 0 19112 223540 28024 17440 724184 1043688 0 0 0 0 0 0 68 0 0 59256 0 0 107 0 0 0 0 7396
20120605 11:29:03 8 0 5 0 0 1 2 84 16 2641 3560 0 211 2 0.00 0.12 0.21 2 0 7645720 1095148 6550572 0 19120 223568 28052 17440 726320 1043688 0 0 0 0 0 0 100 0 0 59260 0 2 114 0 0 0 0 7428
20120605 11:29:08 5 0 3 0 0 1 2 89 11 1665 2435 0 211 0 0.00 0.12 0.21 0 0 7645720 1096836 6548884 0 19128 223572 28020 17440 728000 1047372 0 0 0 0 0 0 100 0 0 59288 0 6 83 0 0 0 0 7396
20120605 11:29:13 6 0 5 0 0 0 1 88 12 2221 3157 0 211 0 0.00 0.11 0.21 0 0 7645720 1099324 6546396 0 19136 223580 28012 17440 730364 1052492 0 0 0 0 0 0 96 0 0 59308 0 18 134 0 0 0 0 7380
20120605 11:29:18 7 0 5 0 0 1 2 85 15 2313 3354 0 211 3 0.00 0.11 0.21 3 0 7645720 1101580 6544140 0 19136 223592 28036 17440 732748 1055824 0 0 0 0 0 0 36 0 0 59308 0 0 122 0 0 0 0 7404
20120605 11:29:23 5 0 4 0 0 0 2 89 11 1659 2607 0 211 1 0.00 0.11 0.21 0 0 7645720 1103680 6542040 0 19144 223596 28144 17440 734616 1054388 0 0 0 0 0 0 48 0 0 59320 0 6 101 0 0 0 0 7412
20120605 11:29:28 7 0 5 0 0 0 1 87 13 2003 3063 0 211 0 0.00 0.11 0.21 0 0 7645720 1106160 6539560 0 19152 223600 28036 17440 737268 1054388 0 0 0 0 0 0 52 0 0 59320 0 2 135 0 0 0 0 7400
20120605 11:29:33 6 0 5 0 0 1 2 86 14 2049 3063 0 211 0 0.00 0.11 0.20 0 0 7645720 1108640 6537080 0 19152 223600 28036 17440 739688 1054388 0 0 0 0 0 0 52 0 0 59332 0 3 126 0 0 0 0 7400
20120605 11:29:38 7 0 4 0 0 1 1 87 13 2150 2892 0 211 3 0.00 0.10 0.20 3 0 7645720 1110748 6534972 0 19160 223608 28036 17440 741632 1059508 0 0 0 0 0 0 52 0 0 59332 0 5 110 0 0 0 0 7400
20120605 11:29:43 7 0 5 0 0 1 2 85 15 2559 3374 0 211 1 0.00 0.10 0.20 2 0 7645720 1112864 6532856 0 19168 223620 28040 17440 743972 1066064 0 0 0 0 0 0 64 0 0 59332 0 6 116 0 0 0 0 7404
20120605 11:29:48 5 0 3 0 0 0 1 90 10 1465 2242 0 211 0 0.00 0.10 0.20 0 0 7645720 1114344 6531376 0 19176 223616 28032 17440 745360 1067852 0 0 0 0 0 0 44 0 0 59360 0 11 95 0 0 0 0 7396
20120605 11:29:53 6 0 5 0 0 1 1 87 13 2084 3169 0 211 0 0.00 0.10 0.20 0 0 7645720 1116956 6528764 0 19176 223624 28040 17440 747992 1069288 0 0 0 0 0 0 8 0 0 59364 0 0 135 0 0 0 0 7404
20120605 11:29:58 6 0 4 0 0 1 2 87 13 2061 2904 0 211 1 0.00 0.10 0.20 1 0 7645720 1119320 6526400 0 19184 223628 28056 17440 750204 1069288 0 0 0 0 0 0 24 0 0 59368 0 6 114 0 0 0 0 7420
20120605 11:30:03 6 0 3 0 0 1 1 89 11 1510 2228 0 211 1 0.00 0.10 0.20 0 0 7645720 1121412 6524308 0 19192 223648 28032 17440 752504 1074408 0 0 0 0 0 0 44 0 0 59392 0 3 120 0 0 0 0 7396
20120605 11:30:08 7 0 5 0 0 1 1 86 14 2352 3088 0 211 1 0.00 0.10 0.20 0 0 7645720 1124164 6521556 0 19200 223660 28056 17440 755036 1074868 0 0 0 0 0 0 56 0 0 59396 0 4 137 0 0 0 0 7420
20120605 11:30:13 7 0 5 0 0 1 2 85 15 2413 3393 0 211 0 0.00 0.09 0.20 0 0 7645720 1127124 6518596 0 19208 223668 28032 17440 758068 1074868 0 0 0 0 0 0 64 0 0 59428 0 2 163 0 0 0 0 7380
20120605 11:30:18 8 0 5 0 0 1 2 85 15 2250 3289 0 211 0 0.00 0.09 0.20 0 0 7645720 1128340 6517380 0 19208 223680 28016 17440 759196 1081424 0 0 0 0 0 0 56 0 0 59432 0 3 59 0 0 0 0 7380
20120605 11:30:23 7 0 6 0 0 1 2 84 16 2834 3489 0 211 3 0.00 0.09 0.19 2 0 7645720 1128504 6517216 0 19216 223700 28060 17440 759232 1081424 0 0 0 0 0 0 80 0 0 59440 0 14 6 0 0 0 0 7424
20120605 11:30:28 6 0 4 0 0 1 1 88 12 2042 2873 0 211 0 0.00 0.09 0.19 0 0 7645720 1128364 6517356 0 19224 223704 28048 17440 759192 1081424 0 0 0 0 0 0 36 0 0 59460 0 6 7 0 0 0 0 7408
20120605 11:30:33 7 0 5 0 0 1 2 86 14 2331 3486 0 211 0 0.00 0.09 0.19 0 0 7645720 1129000 6516720 0 19224 223724 28064 17440 759552 1079988 0 0 0 0 0 0 56 0 0 59496 0 3 30 0 0 0 0 7432
20120605 11:30:38 8 0 4 0 0 1 2 85 15 2376 3509 0 211 0 0.00 0.09 0.19 0 0 7645720 1129960 6515760 0 19232 223736 28036 17440 760584 1079988 0 0 0 0 0 0 60 0 0 59496 0 5 55 0 0 0 0 7400
20120605 11:30:43 8 0 6 0 0 1 1 85 15 2850 4152 0 211 0 0.00 0.08 0.19 0 0 7645720 1131472 6514248 0 19232 223756 28060 17440 761876 1086544 0 0 0 0 0 0 80 0 0 59520 0 0 104 0 0 0 0 7416
20120605 11:30:48 5 0 4 0 0 0 1 89 11 1852 2343 0 211 0 0.00 0.08 0.19 0 0 7645720 1132348 6513372 0 19240 223768 28068 17440 762804 1083212 0 0 0 0 0 0 92 0 0 59536 0 2 65 0 0 0 0 7424
20120605 11:30:53 2 0 2 0 0 0 0 95 5 734 1178 0 211 0 0.00 0.08 0.19 0 0 7645720 1133044 6512676 0 19248 223768 28020 17440 763532 1083212 0 0 0 0 0 0 92 0 0 59536 0 7 43 0 0 0 0 7384
20120605 11:30:58 0 0 0 0 0 0 0 100 0 19 20 0 211 0 0.00 0.08 0.19 0 0 7645720 1133044 6512676 0 19248 223768 28020 17440 763532 1083212 0 0 0 0 0 0 68 0 0 59556 0 14 0 0 0 0 0 7384
20120605 11:31:03 7 0 6 0 0 1 3 84 16 3004 4280 0 211 2 0.00 0.08 0.19 3 0 7645720 1133892 6511828 0 19256 223796 28116 17440 764292 1083264 0 0 0 0 0 0 44 0 0 59572 0 7 74 0 0 0 0 7472
20120605 11:31:08 15 0 9 0 0 1 4 71 29 4553 6303 0 211 4 0.00 0.08 0.19 3 0 7645720 1134952 6510768 0 19264 223844 28068 17440 765712 1083724 0 0 0 0 0 0 100 0 0 59612 0 2 86 0 0 0 0 7424
20120605 11:31:13 14 0 10 0 0 1 4 71 29 4513 5768 0 211 2 0.00 0.08 0.18 3 0 7645720 1136804 6508916 0 19264 223900 28072 17440 767300 1083724 0 0 0 0 0 0 148 0 0 59648 0 0 99 0 0 0 0 7432
20120605 11:31:18 16 0 11 0 0 1 5 68 32 4518 5919 0 211 0 0.00 0.07 0.18 0 0 7645720 1138160 6507560 0 19272 223956 28048 17440 768636 1082340 0 0 0 0 0 0 204 0 0 59716 0 2 103 0 0 0 0 7408
20120605 11:31:23 16 0 11 0 0 2 5 66 34 5175 6514 0 211 0 0.00 0.07 0.18 0 0 7645720 1141200 6504520 0 19280 224004 28088 17440 771604 1087108 0 0 0 0 0 0 252 0 0 59752 0 2 217 0 0 0 0 7440
20120605 11:31:28 16 0 11 0 0 1 5 67 33 4976 6456 0 211 3 0.00 0.07 0.18 3 0 7645720 1143028 6502692 0 19288 224056 28068 17440 773308 1090792 0 0 0 0 0 0 308 0 0 59792 0 2 99 0 0 0 0 7416
20120605 11:31:33 19 0 12 0 0 2 7 61 39 5492 7418 0 211 2 0.00 0.07 0.18 3 0 7645720 1146196 6499524 0 19296 224108 28048 17440 776508 1095912 0 0 0 0 0 0 76 0 0 59888 0 60 170 0 0 0 0 7400
20120605 11:31:38 25 0 15 0 0 2 9 50 50 7145 9339 0 211 2 0.00 0.07 0.18 2 0 7645720 1151064 6494656 0 19304 224164 28064 17440 781340 1097348 0 0 0 0 0 0 92 0 0 59936 0 10 303 0 0 0 0 7416
20120605 11:31:43 28 0 15 0 0 2 10 45 55 7153 10191 0 211 1 0.00 0.07 0.18 2 0 7645720 1156196 6489524 0 19312 224228 28088 17440 786468 1109024 0 0 0 0 0 0 172 0 0 60004 0 5 308 0 0 0 0 7440
20120605 11:31:48 23 0 16 0 0 2 9 50 50 7057 8869 0 211 7 0.00 0.07 0.18 7 0 7645720 1160552 6485168 0 19320 224280 28060 17440 790572 1111788 0 0 0 0 0 0 224 0 0 60052 0 2 281 0 0 0 0 7400
20120605 11:31:53 26 0 16 0 0 3 10 45 55 7240 9320 0 211 4 0.00 0.07 0.18 1 0 7645720 1164944 6480776 0 19328 224352 28064 17440 795112 1118856 0 0 0 0 0 0 296 0 0 60092 0 2 291 0 0 0 0 7408
20120605 11:31:58 22 0 15 0 0 3 8 52 48 6683 8676 0 211 1 0.00 0.07 0.18 2 0 7645720 1169788 6475932 0 19336 224404 28040 17440 799756 1120756 0 0 0 0 0 0 348 0 0 60152 0 2 297 0 0 0 0 7384
20120605 11:32:03 24 0 15 0 0 2 8 50 50 6978 8794 0 211 2 0.00 0.07 0.18 2 0 7645720 1174176 6471544 0 19344 224484 28084 17440 803932 1122028 0 0 0 0 0 0 76 0 0 60228 0 79 238 0 0 0 0 7420
20120605 11:32:08 25 0 17 0 0 2 7 49 51 6821 8847 0 211 4 0.00 0.06 0.17 5 0 7645720 1179020 6466700 0 19352 224540 28128 17440 808792 1127148 0 0 0 0 0 0 132 0 0 60264 0 2 255 0 0 0 0 7460
20120605 11:32:13 23 0 14 0 0 2 8 53 47 6304 8992 0 211 3 0.00 0.06 0.17 3 0 7645720 1184624 6461096 0 19360 224592 28100 17440 814296 1135136 0 0 0 0 0 0 164 0 0 60308 0 6 277 0 0 0 0 7428
20120605 11:32:18 24 0 13 0 0 2 10 50 50 6592 9237 0 211 1 0.00 0.06 0.17 1 0 7645720 1186428 6459292 0 19368 224656 28100 17440 816048 1139908 0 0 0 0 0 0 228 0 0 60384 0 2 135 0 0 0 0 7428
20120605 11:32:23 28 0 18 0 0 3 10 40 60 7613 10383 0 211 2 0.00 0.06 0.17 2 0 7645720 1186344 6459376 0 19376 224716 28148 17440 815936 1138436 0 0 0 0 0 0 288 0 0 60468 0 2 125 0 0 0 0 7480
20120605 11:32:28 30 0 18 0 0 3 12 37 63 7567 10675 0 211 3 0.00 0.06 0.17 4 0 7645720 1187616 6458104 0 19384 224776 28092 17440 816912 1137588 0 0 0 0 0 0 356 0 0 60520 0 2 74 0 0 0 0 7420
20120605 11:32:33 29 0 19 0 0 3 12 37 63 7490 10922 0 211 3 0.00 0.06 0.17 5 0 7645720 1188840 6456880 0 19392 224852 28120 17440 818132 1137600 0 0 0 0 0 0 44 0 0 60580 0 86 77 0 0 0 0 7444
20120605 11:32:38 21 0 14 0 0 2 8 55 45 6818 8697 0 211 3 0.00 0.06 0.17 2 0 7645720 1188744 6456976 0 19392 224904 28064 17440 818080 1134320 0 0 0 0 0 0 104 0 0 60620 0 0 77 0 0 0 0 7388
20120605 11:32:43 22 0 14 1 0 2 8 54 46 6358 8046 0 211 2 0.00 0.06 0.17 3 0 7645720 1188668 6457052 0 19400 224956 28116 17440 818408 1135284 0 0 0 0 0 0 156 0 0 60672 0 2 175 0 0 0 0 7444
20120605 11:32:48 25 0 15 0 0 2 8 49 51 6894 9677 0 211 2 0.00 0.06 0.17 4 0 7645720 1191992 6453728 0 19408 225012 28076 17440 821212 1138380 0 0 0 0 0 0 188 0 0 60740 0 6 189 0 0 0 0 7404
20120605 11:32:53 29 0 17 0 0 3 11 40 60 7241 11041 0 211 2 0.00 0.06 0.17 2 0 7645720 1195348 6450372 0 19416 225096 28144 17440 824368 1146780 0 0 0 0 0 0 272 0 0 60804 0 2 187 0 0 0 0 7460
20120605 11:32:58 26 0 16 0 0 3 11 45 55 7592 10527 0 211 0 0.00 0.05 0.16 0 0 7645720 1197944 6447776 0 19424 225152 28100 17440 827184 1149544 0 0 0 0 0 0 328 0 0 60884 0 2 185 0 0 0 0 7412
20120605 11:33:03 26 0 15 0 0 2 9 47 53 6899 8840 0 211 1 0.00 0.05 0.16 2 0 7645720 1203192 6442528 0 19432 225220 28140 17440 832132 1149808 0 0 0 0 0 0 404 0 0 60948 0 2 281 0 0 0 0 7460
20120605 11:33:08 27 0 16 0 0 3 9 45 55 7303 10303 0 211 2 0.00 0.05 0.16 2 0 7645720 1207928 6437792 0 19440 225284 28172 17440 836544 1149808 0 0 0 0 0 0 56 0 0 60984 0 87 221 0 0 0 0 7492
20120605 11:33:13 27 0 17 0 0 3 9 44 56 7451 10099 0 211 1 0.00 0.05 0.16 1 0 7645720 1211840 6433880 0 19448 225352 28156 17440 840672 1159960 0 0 0 0 0 0 132 0 0 61068 0 6 225 0 0 0 0 7468
20120605 11:33:18 6 0 4 0 0 1 2 87 13 2191 2971 0 211 1 0.00 0.05 0.16 2 0 7645720 1214552 6431168 0 19456 225352 28096 17440 843124 1159960 0 0 0 0 0 0 132 0 0 61068 0 2 130 0 0 0 0 7404
20120605 11:33:23 7 0 4 0 0 1 2 86 14 1995 2885 0 211 3 0.00 0.05 0.16 2 0 7645720 1216404 6429316 0 19456 225356 28096 17440 845008 1159960 0 0 0 0 0 0 136 0 0 61076 0 0 95 0 0 0 0 7408
20120605 11:33:28 7 0 5 0 0 1 2 86 14 2344 3323 0 211 1 0.00 0.05 0.16 1 0 7645720 1218264 6427456 0 19464 225364 28096 17440 846792 1165080 0 0 0 0 0 0 144 0 0 61076 0 2 96 0 0 0 0 7408
20120605 11:33:33 14 0 9 0 0 1 5 71 29 4414 5756 0 211 3 0.00 0.05 0.16 2 0 7645720 1221140 6424580 0 19472 225400 28116 17440 849896 1164580 0 0 0 0 0 0 156 0 0 61120 0 11 176 0 0 0 0 7420
20120605 11:33:38 26 0 16 0 0 2 10 46 54 6851 9351 0 211 3 0.00 0.05 0.16 3 0 7645720 1225712 6420008 0 19480 225452 28100 17440 854364 1169700 0 0 0 0 0 0 36 0 0 61184 0 42 235 0 0 0 0 7404
20120605 11:33:43 19 0 14 0 0 2 6 59 40 6072 7603 0 211 0 0.00 0.05 0.16 0 0 7645720 1229316 6416404 0 19488 225504 28108 17440 857740 1174820 0 0 0 0 0 0 88 0 0 61208 0 2 173 0 0 0 0 7420
20120605 11:33:48 16 0 10 0 0 1 5 68 32 4966 6743 0 211 2 0.00 0.04 0.15 2 0 7645720 1231556 6414164 0 19496 225544 28116 17440 860000 1179852 0 0 0 0 0 0 128 0 0 61260 0 2 133 0 0 0 0 7428
20120605 11:33:53 14 0 10 0 0 1 4 70 30 4499 6283 0 211 3 0.00 0.04 0.15 4 0 7645720 1234656 6411064 0 19504 225588 28116 17440 862940 1179852 0 0 0 0 0 0 180 0 0 61324 0 2 163 0 0 0 0 7428
20120605 11:33:58 14 0 9 0 0 1 3 72 28 4652 6284 0 211 2 0.00 0.04 0.15 3 0 7645720 1237120 6408600 0 19504 225636 28104 17440 865684 1184972 0 0 0 0 0 0 224 0 0 61352 0 0 137 0 0 0 0 7404
20120605 11:34:03 17 0 10 0 0 2 4 68 32 4968 6041 0 211 1 0.00 0.04 0.15 2 0 7645720 1241896 6403824 0 19512 225696 28172 17440 870016 1186900 0 0 0 0 0 0 288 0 0 61400 0 2 224 0 0 0 0 7468
20120605 11:34:08 21 0 14 0 0 2 8 55 45 6660 8357 0 211 4 0.00 0.04 0.15 4 0 7645720 1266668 6379052 0 19520 225736 28412 17440 894040 1229348 0 0 0 0 0 0 308 0 0 61472 0 8 1477 0 0 0 0 7708
20120605 11:34:13 32 0 14 0 0 0 18 35 65 1538 1142 0 211 1 0.08 0.06 0.16 1 0 7645720 1193140 6452580 0 19528 225708 28148 17440 821520 1344060 0 0 0 0 0 0 36 0 0 61484 0 61 55025 0 0 0 0 7420
20120605 11:34:18 8 0 2 0 0 0 4 85 15 185 78 0 211 1 0.08 0.06 0.15 0 0 7645720 1183700 6462020 0 19536 225708 28132 17440 811920 1319936 0 0 0 0 0 0 68 0 0 61492 0 10 15368 0 0 0 0 7420
20120605 11:34:23 0 0 0 0 0 0 0 100 0 96 52 0 211 0 0.07 0.06 0.15 0 0 7645720 1185064 6460656 0 19536 225708 28248 17440 813108 1320864 0 0 0 0 0 0 68 0 0 61492 0 0 60 0 0 0 0 7520
20120605 11:34:28 5 0 2 0 0 0 2 91 9 184 93 0 211 1 0.14 0.07 0.16 1 0 7645720 1268640 6377080 0 19536 225708 28140 17440 896824 1523544 0 0 0 0 0 0 68 0 0 61492 0 0 13857 0 0 0 0 7424
20120605 11:34:33 9 0 3 0 0 0 5 82 17 306 159 0 211 0 0.13 0.07 0.16 0 0 7645720 1704244 5941476 0 19560 225708 28124 17440 1331140 2195620 0 0 0 0 0 0 100 0 0 61520 0 34 22034 0 0 0 0 7420
20120605 11:34:38 6 0 1 0 0 0 2 91 9 257 72 0 211 1 0.20 0.09 0.16 1 0 7645720 1693704 5952016 0 19568 225700 28124 17440 1320448 2509644 0 0 0 0 0 0 100 0 0 61520 0 9 7141 0 0 0 0 7420
20120605 11:34:43 10 0 3 0 0 0 5 82 18 339 120 0 211 1 0.19 0.09 0.16 0 0 7645720 1632176 6013544 0 19568 225708 28356 17440 1258876 2047172 0 0 0 0 0 0 16 0 0 61528 0 18 11866 0 0 0 0 7636
20120605 11:34:48 6 0 1 0 0 0 1 91 9 266 91 0 211 1 0.25 0.10 0.16 1 0 7645720 1652156 5993564 0 19572 225708 28116 17440 1279176 2556964 0 0 0 0 0 0 16 0 0 61528 0 1 10852 0 0 0 0 7404
20120605 11:34:53 10 0 3 0 0 0 6 81 19 295 86 0 211 0 0.23 0.10 0.16 0 0 7645720 1587932 6057788 0 19572 225708 28124 17440 1215036 2032312 0 0 0 0 0 0 16 0 0 61528 0 0 13238 0 0 0 0 7420
20120605 11:34:58 0 0 0 0 0 0 0 100 0 217 95 0 211 0 0.21 0.10 0.16 0 0 7645720 1587948 6057772 0 19572 225708 28140 17440 1215036 2032312 0 0 0 0 0 0 16 0 0 61528 0 0 0 0 0 0 0 7436
20120605 11:35:03 15 0 3 0 0 0 6 76 24 334 102 0 211 0 0.28 0.11 0.17 0 0 7645720 1748768 5896952 0 19572 225724 28132 17440 1375508 2139928 0 0 0 0 0 0 36 0 0 61528 0 0 17826 0 0 0 0 7420
20120605 11:35:08 3 0 0 0 0 0 1 95 5 243 96 0 211 1 0.25 0.11 0.17 1 0 7645720 1832632 5813088 0 19580 225724 28172 17440 1459152 2237884 0 0 0 0 0 0 32 0 0 61544 0 9 4186 0 0 0 0 7460
20120605 11:35:13 14 0 7 0 0 0 9 71 29 290 86 0 211 0 0.31 0.13 0.17 0 0 7645720 1857144 5788576 0 19584 225724 28148 17440 1483380 2372404 0 0 0 0 0 0 32 0 0 61556 0 1 33193 0 0 0 0 7420
20120605 11:35:18 0 0 0 0 0 0 0 100 0 71 57 0 211 0 0.29 0.12 0.17 0 0 7645720 1857020 5788700 0 19584 225724 28132 17440 1483472 2372404 0 0 0 0 0 0 32 0 0 61556 0 0 0 0 0 0 0 7420
20120605 11:35:23 6 0 3 0 0 0 3 89 11 196 82 0 211 1 0.27 0.12 0.17 1 0 7645720 1914928 5730792 0 19584 225724 28288 17440 1540792 2443564 0 0 0 0 0 0 32 0 0 61556 0 0 16268 0 0 0 0 7500
20120605 11:35:28 7 0 2 0 0 0 4 87 13 167 67 0 211 0 0.24 0.12 0.17 0 0 7645720 1729712 5916008 0 19584 225724 28180 17440 1356348 2046336 0 0 0 0 0 0 32 0 0 61556 0 0 10810 0 0 0 0 7464
20120605 11:35:33 0 0 0 0 0 0 0 99 1 50 40 0 211 1 0.22 0.12 0.17 0 0 7645720 1355232 6290488 0 19584 225724 28172 17440 982684 1672672 0 0 0 0 0 0 16 0 0 61556 0 3 5 0 0 0 0 7464
20120605 11:35:38 0 0 0 0 0 0 0 100 0 94 71 0 211 0 0.21 0.12 0.17 0 0 7645720 1355316 6290404 0 19592 225724 28132 17440 982684 1672672 0 0 0 0 0 0 20 0 0 61556 0 4 0 0 0 0 0 7420
20120605 11:35:43 9 0 2 0 0 0 4 85 15 227 77 0 211 1 0.27 0.13 0.17 1 0 7645720 1430072 6215648 0 19592 225724 28116 17440 1057484 1985964 0 0 0 0 0 0 0 0 0 61564 0 4 10916 0 0 0 0 7404
20120605 11:35:48 5 0 2 0 0 0 3 90 10 255 98 0 211 0 0.25 0.13 0.17 0 0 7645720 1274468 6371252 0 19592 225724 28132 17440 901468 1593384 0 0 0 0 0 0 0 0 0 61564 0 0 11932 0 0 0 0 7420
20120605 11:35:53 6 0 2 0 0 0 3 89 11 204 84 0 211 2 0.31 0.14 0.17 1 0 7645720 1486880 6158840 0 19592 225724 28124 17440 1114552 1989668 0 0 0 0 0 0 0 0 0 61564 0 0 12674 0 0 0 0 7420
20120605 11:35:58 10 0 5 0 0 0 5 80 20 260 85 0 211 0 0.28 0.14 0.17 0 0 7645720 1174400 6471320 0 19592 225724 28132 17440 802176 1518652 0 0 0 0 0 0 0 0 0 61564 0 0 22585 0 0 0 0 7420
20120605 11:36:03 4 0 0 0 0 0 2 93 7 250 81 0 211 1 0.26 0.14 0.17 1 0 7645720 1214576 6431144 0 19592 225740 28132 17440 842304 1558776 0 0 0 0 0 0 20 0 0 61576 0 0 2011 0 0 0 0 7420
20120605 11:36:08 13 0 6 0 0 0 7 74 26 343 101 0 211 1 0.32 0.15 0.18 0 0 7645720 1174508 6471212 0 19600 225740 28116 17440 802156 1593384 0 0 0 0 0 0 20 0 0 61584 0 3 33202 0 0 0 0 7404
20120605 11:36:13 0 0 0 0 0 0 0 100 0 192 62 0 211 1 0.29 0.15 0.17 0 0 7645720 1174596 6471124 0 19600 225740 28188 17440 802216 1593384 0 0 0 0 0 0 20 0 0 61584 0 0 5 0 0 0 0 7484
20120605 11:36:18 0 0 0 0 0 0 0 100 0 31 29 0 211 0 0.27 0.15 0.17 0 0 7645720 1174572 6471148 0 19600 225740 28180 17440 802216 1593384 0 0 0 0 0 0 20 0 0 61584 0 0 0 0 0 0 0 7468
20120605 11:36:23 0 0 0 0 0 0 0 100 0 33 31 0 211 0 0.25 0.14 0.17 0 0 7645720 1174448 6471272 0 19600 225740 28300 17440 802216 1593384 0 0 0 0 0 0 20 0 0 61584 0 0 5 0 0 0 0 7512
20120605 11:36:28 4 0 1 0 0 0 1 94 6 164 44 0 211 1 0.23 0.14 0.17 1 0 7645720 1261696 6384024 0 19600 225740 28140 17440 889420 1643540 0 0 0 0 0 0 20 0 0 61584 0 0 4360 0 0 0 0 7424
20120605 11:36:33 11 0 7 0 0 0 7 75 25 308 94 0 211 0 0.21 0.14 0.17 0 0 7645720 1170680 6475040 0 19600 225740 28132 17440 798416 1528688 0 0 0 0 0 0 4 0 0 61584 0 3 31335 0 0 0 0 7420
20120605 11:36:38 4 0 1 0 0 0 1 94 6 211 81 0 211 2 0.19 0.14 0.17 2 0 7645720 1201308 6444412 0 19608 225740 28132 17440 807768 1558780 0 0 0 0 0 0 12 0 0 61584 0 4 4018 0 0 0 0 7420
20120605 11:36:43 13 0 7 0 0 0 9 71 29 327 94 0 211 0 0.26 0.15 0.17 0 0 7645720 1172028 6473692 0 19608 225740 28116 17440 799868 1591028 0 0 0 0 0 0 0 0 0 61592 0 2 33384 0 0 0 0 7412
20120605 11:36:48 2 0 0 0 0 0 1 97 3 189 98 0 211 1 0.24 0.15 0.17 1 0 7645720 1221744 6423976 0 19608 225740 28108 17440 849544 1641184 0 0 0 0 0 0 0 0 0 61592 0 0 2484 0 0 0 0 7404
20120605 11:36:53 14 0 7 0 0 0 8 71 29 266 80 0 211 0 0.30 0.16 0.18 0 0 7645720 1093288 6552432 0 19608 225740 28116 17440 721184 1601060 0 0 0 0 0 0 0 0 0 61592 0 0 33204 0 0 0 0 7404
20120605 11:36:58 0 0 0 0 0 0 0 99 1 198 79 0 211 0 0.27 0.16 0.18 0 0 7645720 1093164 6552556 0 19608 225740 28116 17440 721160 1601060 0 0 0 0 0 0 0 0 0 61592 0 0 0 0 0 0 0 7404
20120605 11:37:03 15 0 5 0 0 0 8 72 28 270 52 0 211 1 0.33 0.17 0.18 1 0 7645720 1206028 6439692 0 19608 225756 28156 17440 834208 1590552 0 0 0 0 0 0 20 0 0 61604 0 0 29108 0 0 0 0 7428
20120605 11:37:08 2 0 0 0 0 0 1 97 3 280 130 0 211 0 0.31 0.17 0.18 0 0 7645720 1272616 6373104 0 19616 225756 28140 17440 900148 1591028 0 0 0 0 0 0 20 0 0 61608 0 3 3287 0 0 0 0 7428
20120605 11:37:13 12 0 4 0 0 0 7 77 23 276 58 0 211 2 0.52 0.22 0.20 1 0 7645720 1329084 6316636 0 19616 225756 28196 17440 957020 1814752 0 0 0 0 0 0 20 0 0 61612 0 0 28135 0 0 0 0 7492
20120605 11:37:18 3 0 1 0 0 0 1 94 6 271 116 0 211 0 0.48 0.22 0.19 0 0 7645720 1172060 6473660 0 19616 225756 28148 17440 799776 1516296 0 0 0 0 0 0 20 0 0 61612 0 0 7073 0 0 0 0 7436
20120605 11:37:23 0 0 1 0 0 0 0 98 2 216 84 0 201 0 0.44 0.21 0.19 0 0 7645720 539044 7106676 0 19616 225756 28168 17428 168568 435836 0 0 0 0 0 0 20 0 0 61608 0 0 8 0 0 0 0 7408
20120605 11:37:28 0 0 0 0 0 0 0 100 0 49 40 0 199 0 0.41 0.21 0.19 0 0 7645720 533556 7112164 0 19616 225752 28076 17424 163956 427116 0 0 0 0 0 0 28 0 0 61608 0 0 180 0 0 0 0 7384
20120605 11:37:33 0 0 0 0 0 0 0 100 0 24 26 0 199 0 0.37 0.20 0.19 0 0 7645720 533548 7112172 0 19624 225752 28068 17424 163956 427116 0 0 0 0 0 0 12 0 0 61616 0 8 5 0 0 0 0 7384
20120605 11:37:38 0 0 0 0 0 0 0 100 0 22 24 0 199 0 0.34 0.20 0.19 0 0 7645720 533548 7112172 0 19632 225752 28068 17424 163956 427116 0 0 0 0 0 0 20 0 0 61616 0 4 0 0 0 0 0 7384
20120605 11:37:43 0 0 0 0 0 0 0 100 0 29 26 0 199 0 0.32 0.20 0.19 0 0 7645720 533548 7112172 0 19632 225752 28068 17424 163956 427116 0 0 0 0 0 0 0 0 0 61620 0 4 5 0 0 0 0 7384
20120605 11:37:48 0 0 0 0 0 0 0 100 0 20 21 0 199 0 0.29 0.19 0.19 0 0 7645720 533548 7112172 0 19632 225752 28068 17424 163956 427116 0 0 0 0 0 0 0 0 0 61620 0 0 0 0 0 0 0 7384
20120605 11:37:53 0 0 0 0 0 0 0 100 0 24 26 0 199 0 0.27 0.19 0.19 0 0 7645720 533548 7112172 0 19632 225752 28068 17424 163956 427116 0 0 0 0 0 0 0 0 0 61620 0 0 5 0 0 0 0 7384
20120605 11:37:58 1 0 1 0 0 0 1 97 3 165 121 6 190 0 0.25 0.19 0.19 0 0 7645720 490028 7155692 0 19632 225752 27984 17404 121096 348372 0 0 0 0 0 0 0 0 0 61624 0 2 3409 0 0 0 0 7320
20120605 11:38:03 0 0 0 0 0 0 0 100 0 23 23 0 190 0 0.23 0.18 0.19 0 0 7645720 490152 7155568 0 19640 225768 27988 17404 121096 348372 0 0 0 0 0 0 28 0 0 61644 0 3 5 0 0 0 0 7320
20120605 11:38:08 0 0 0 0 0 0 0 100 0 45 41 0 189 0 0.21 0.18 0.18 0 0 7645720 490012 7155708 0 19648 225768 27976 17360 120948 348016 0 0 0 0 0 0 28 0 0 61648 0 3 89 0 0 0 0 7316
20120605 11:38:13 0 0 0 0 0 0 0 100 0 50 55 0 189 0 0.19 0.18 0.18 0 0 7645720 490012 7155708 0 19648 225768 27976 17360 120988 348016 0 0 0 0 0 0 28 0 0 61652 0 0 5 0 0 0 0 7316
